chr SNP Position allele1 allele0 tot_af n_pops pops beta_1 beta_2 beta_3 beta_4 beta_5 beta_6 Vbeta_1_1 Vbeta_1_2 Vbeta_1_3 Vbeta_1_4 Vbeta_1_5 Vbeta_1_6 Vbeta_2_2 Vbeta_2_3 Vbeta_2_4 Vbeta_2_5 Vbeta_2_6 Vbeta_3_3 Vbeta_3_4 Vbeta_3_5 Vbeta_3_6 Vbeta_4_4 Vbeta_4_5 Vbeta_4_6 Vbeta_5_5 Vbeta_5_6 Vbeta_6_6 p_value
1 rs2073814 753474 C G 0.205 2 11 -0.0080352752400752 0.0164436873003385 0.0221610338668963 -0.0301474865844464 0.0699293778549391 0.0308278124465385 0.000524604627661345 0.000459457546592068 0.000377430087408644 0.000291908843903324 0.0002025506308895 0.000231392800853343 0.00108295228080121 0.000814795793879213 0.000560747343946136 0.000403057724797503 0.000433902740576095 0.00144528773386391 0.000930373136680075 0.00050838223729487 0.000518642236764515 0.00157363263193634 0.000724589755783316 0.000588539978420739 0.00176325763906327 0.000837285966585852 0.00151518746648649 0.273794337210661
1 rs2073813 753541 G A 0.834333333333333 2 11 -0.00189393051946604 -0.0219065988250683 -0.031212241926343 0.0326848076828009 -0.060257356547203 -0.0313567917308211 0.000547655955525975 0.000480470878371235 0.000394514336671222 0.000305192073173583 0.000211912111242991 0.000242517826898223 0.00113588827838411 0.000855339241329693 0.000587957171103648 0.000423519846292667 0.000456511181547303 0.00152100428440188 0.000977597413160299 0.000534535569100884 0.000545892925325162 0.00165426370364299 0.000761502576067579 0.000617347922562698 0.00185512799895575 0.000879641568591857 0.00159099117346736 0.333264138979455
1 rs3131969 754182 A G 0.168666666666667 2 11 0.00165808127692568 0.0188362341965541 0.0294264565434577 -0.0337915451310678 0.059833792032514 0.0321690860131021 0.000541201604934712 0.000474138768398955 0.000389471566776116 0.000301285205638106 0.000208911231042123 0.000238772981641519 0.00111819640385634 0.000841509865617366 0.000578794343958923 0.000416021174434828 0.000448025961240986 0.00149366151417819 0.000960534779169013 0.000524333276609609 0.000535413245886573 0.0016246205390547 0.00074827295839907 0.00060755765576145 0.00182212502497046 0.000864704321091487 0.00156423261314959 0.32744773902715
1 rs3131968 754192 A G 0.169 2 11 0.00194627192142161 0.0192922923027302 0.0301055925715284 -0.0342432734783681 0.0594445151282596 0.0318162461001683 0.00053921208149926 0.000472450473049213 0.000388069557732671 0.000300209501305434 0.000208181094166033 0.000237965813520367 0.00111444636180763 0.000838730912987752 0.000576851914099714 0.00041469226719278 0.000446630071824321 0.00148899742086957 0.000957471624467355 0.000522672840911458 0.000533762053429489 0.00161942260819561 0.00074585240659457 0.000605510207011436 0.00181642915767471 0.000861909220300676 0.00155911901844808 0.317397355418154
1 rs3131967 754334 T C 0.187666666666667 2 11 0.0129440779691468 0.0333459631214603 0.0318568605687809 -0.0308286757046509 0.0662315819212911 0.0490479430047603 0.000537518888454974 0.000471239557771463 0.000387033744627088 0.000299277086407342 0.000207890624581049 0.00023767627865455 0.00111239310184769 0.000837162562926719 0.000575777633808407 0.000414591936897183 0.000446542198548008 0.00148747751736029 0.000956571790291112 0.000523210011891698 0.000533796923627447 0.00161870428079553 0.00074540854373005 0.000604987147607121 0.0018156239755238 0.000861260835502415 0.00155813434199084 0.250361067493326
1 rs3115859 754503 G A 0.184666666666667 2 11 -0.00120673802694447 0.0247053961291003 0.0350806613683831 -0.0323503768829639 0.0665937104545134 0.0327156548184713 0.000542577415233059 0.000474123740426686 0.000389693602037583 0.000301418659350211 0.000208724513624421 0.000237975888598066 0.00111321307392736 0.000836749272480229 0.000576597396529263 0.000412989313758185 0.000444012489709957 0.00147914860335554 0.000953933394292302 0.00052035337034105 0.00053043268642104 0.00161214493894777 0.000743259368372369 0.000605026826694674 0.00180483380001287 0.000858733047155615 0.00155480155118114 0.217127462709596
1 rs3131966 754964 C T 0.208666666666667 2 11 0.00844327694246521 0.0358631920501325 0.0358299842972678 -0.0320136744759967 0.0688938490654569 0.047253552465548 0.000554250400697123 0.000484791745827412 0.000398387623524414 0.000308101086532008 0.0002136908873288 0.000243771894582394 0.00113993466887718 0.000857039902557831 0.000590407358370645 0.000423728147088511 0.000455672444618606 0.0015170041666163 0.000978011274073805 0.000534611867528191 0.000544549593277377 0.00165378423436928 0.000762069684472639 0.000619910131445597 0.00185156688982565 0.000880415938412621 0.00159412510805164 0.200269159054535
1 rs3131965 755775 A G 0.202333333333333 2 11 0.00112787807583371 0.0371136681200515 0.0572354160595653 -0.011259935484182 0.0627918242669933 0.00153328966194888 0.000534317222063664 0.000467931043908804 0.000384533810166051 0.00029714148646749 0.000206010490599695 0.000235413689840887 0.0011029296226154 0.000829858331362315 0.000570791874031555 0.000410001043041475 0.000441561678959163 0.00147761847017709 0.00094645086450817 0.000513238586960659 0.000526404175609368 0.00160026999745222 0.000736793409740562 0.000597977080766558 0.00180594435876113 0.000853820372348331 0.00154184080365532 0.192573653324712
1 rs3115858 755890 A T 0.14 2 11 0.00260447194736672 0.0317227817082453 0.0410863647079736 -0.032511868240851 0.0707130211609659 0.0282341700218691 0.000527280809606374 0.000463488045799502 0.000380478404085466 0.000294210087671854 0.000204457937032905 0.000234515019891362 0.00109954275549974 0.000828776249641358 0.00056906357503803 0.000410693743277319 0.000443530739007126 0.00148267948576804 0.000947995191240909 0.000516069318594444 0.000529613731957338 0.00160501822578224 0.000738710238328053 0.000597236210067515 0.00181062004231722 0.000854511701727718 0.00154221299049879 0.154291168699278
1 rs3131962 756604 A G 0.166666666666667 2 11 0.00539768762498598 0.0481584403746951 0.0463319795316251 -0.0179058140290762 0.0696498442129823 0.0442333707861595 0.000527241917283026 0.000461779882301938 0.000379433065738874 0.000293264256452126 0.000203469790581197 0.000232559164863314 0.00108847903668976 0.000818844665125268 0.00056410307962857 0.00040512589727134 0.000436390017272955 0.00145956293850352 0.000935419304376097 0.000507204701802127 0.000520065466147251 0.00158220142967621 0.000728956140675261 0.000591685325696251 0.00178585024178158 0.000844186824267293 0.00152413903801124 0.187389544733778
1 rs3115853 757640 G A 0.172 2 11 -3.03310863767918e-05 0.0169926282839262 0.0259037600276955 -0.0377064249360344 0.0630216220849122 0.030426969805826 0.000534924361087286 0.000468612140694986 0.00038493710224302 0.000297821664683928 0.000206438946995984 0.000235948692847472 0.00110507035297482 0.000831654772084395 0.000572054051517455 0.000411051085601888 0.000442686662538973 0.00147549056910463 0.000949166935603759 0.000518354065729766 0.000529131963752645 0.00160484567056164 0.000739566990028158 0.00060045078098165 0.00179937014213237 0.000854294351989561 0.00154569112904905 0.270302385121461
1 rs4951929 757734 C T 0.132 2 11 0.000901575009596483 0.0308257558421303 0.03895589907123 -0.0283775345051315 0.0719231887273395 0.0282211327892438 0.000521519599571501 0.000458278626561484 0.000376235088858942 0.000290907175414028 0.000202121588476717 0.000231763468469383 0.00108658757491539 0.000818878605823367 0.000562349172276102 0.000405680532134118 0.000438021431442383 0.00146455516210682 0.000936483365878117 0.000509410513129419 0.000522918110756914 0.00158524189741186 0.000729715825844194 0.00059015024216412 0.00178876826689376 0.000844261518210822 0.0015236503500107 0.184867713919457
1 rs4951862 757936 C A 0.133 2 11 0.000991016190887028 0.0309725400253657 0.0385345999013789 -0.0281684737371259 0.0719361688524449 0.0283302312533841 0.000521803578199843 0.000458538676419148 0.000376447011589434 0.000291072682418511 0.000202247366672389 0.000231913521331449 0.00108724208705368 0.000819375747341657 0.00056269776788699 0.000405957141194804 0.000438326587913403 0.00146552353015606 0.000937084007190488 0.000509772607967465 0.000523279756139188 0.00158632477154277 0.00073020696143668 0.000590523630225177 0.00178999508224617 0.000844823124784109 0.00152465492968528 0.18967970684872
1 rs3131956 758144 A G 0.146 2 11 0.000605596431443884 0.0329237096700924 0.0424409405634688 -0.0293557658797305 0.0757454414826688 0.0351303789538259 0.000522266639285218 0.00045823781612444 0.000376335442862984 0.000290997805736582 0.000201908907554782 0.000231189801380806 0.00108371272580442 0.000816212891609907 0.000560983584910118 0.000403708904003983 0.000435480377615246 0.00145568894535956 0.000932382551819262 0.000506868227536018 0.000519817872134833 0.00157732953562037 0.000726479613483335 0.000588559912144557 0.00177739960473429 0.000840383154289433 0.00151757455353613 0.126417310894489
1 rs3131954 758626 C T 0.133 2 11 0.000791407709075609 0.0317005627599561 0.0416914503411143 -0.0250521244178398 0.072521287341637 0.0299875682696652 0.000531291192173194 0.00046655286302011 0.000383075127906761 0.000296196521850984 0.000205714371229808 0.000235739233706015 0.00110490793968284 0.000832326526508764 0.000571959031883379 0.000412207994019881 0.000444883841631179 0.00148743531315554 0.000951818791428038 0.000517349745348218 0.000530995963453861 0.00161098302252463 0.000741659189121423 0.000600290239482726 0.00181736728630151 0.000858132541243555 0.00154889453899414 0.198860865080121
1 rs137919983 759700 T C 0.178 2 11 -0.0086056999309691 0.0147896365775694 0.028493914671264 -0.0266089013581555 0.0699857231763189 0.0196084301673839 0.000541491022209153 0.000473829619735726 0.00038949055157899 0.000300892208796476 0.000208356245426215 0.000237907506535357 0.00111535054956389 0.000839137781893876 0.000576975182752658 0.000413686488782759 0.000445438424850207 0.00149119446987592 0.000955407847347082 0.000518070699800281 0.000531041708375968 0.00161639611676004 0.00074488846918516 0.000605393545819518 0.00182131113963889 0.000862432266084019 0.00155779963802018 0.281025571343562
1 rs114111569 759837 T A 0.130666666666667 2 11 -9.73517746220058e-05 0.0307287161077722 0.0382484349606285 -0.0288618614908455 0.0724668029493643 0.029346837328011 0.00053697637423616 0.00047125002730988 0.000387011674476413 0.000299241102798318 0.000207661698879159 0.000237823257268551 0.00111491771681787 0.000839812162653948 0.000577090775527854 0.000415445844330324 0.000448205168192038 0.00149850948723067 0.00095933196891019 0.000521683988004453 0.000534996526414122 0.00162310121129287 0.000747464049432864 0.000605398301556106 0.00182983210165053 0.000864809558144134 0.00156147332114911 0.189128517235776
1 rs1048488 760912 C T 0.185333333333333 2 11 0.00273406141371427 0.0382505453111334 0.0410757401904411 -0.0362942729596967 0.0839251571110868 0.0462559922126822 0.000528848006960765 0.000463627331800945 0.000380826044305662 0.000294451565248335 0.000204369147946787 0.000233760864261908 0.00109474890454648 0.00082429458115469 0.000567259281783605 0.000407820328469788 0.000439546009275475 0.00146649387534512 0.000941515728848272 0.000513416881343876 0.00052498128113025 0.00159215552304353 0.000733512591463665 0.000594832535510973 0.00178968426262782 0.000847952457934767 0.00153282316010499 0.0587918809004894
1 rs3115850 761147 T C 0.181666666666667 2 11 -0.0041599072019783 0.0334843315065682 0.0394863713644807 -0.0393045608473921 0.0791786634413254 0.0375037866831094 0.000532927228977887 0.000466580268705105 0.000383368427229325 0.000296471543702576 0.000205555276665663 0.000234816060023576 0.00109924153719103 0.000827234793875345 0.000569767204717553 0.00040884413672175 0.000440235255718729 0.00146774373889694 0.00094407865928303 0.00051504518403324 0.000525874952934129 0.00159562626974049 0.000735439003259047 0.000597272708402723 0.00179055406303041 0.000849941667210617 0.00153750885112188 0.0591490304444174
1 rs2286139 761732 C T 0.215 2 11 0.00683103342405016 0.0434756598880168 0.0157950137943834 -0.0487280034893724 0.0408948073411166 0.0177659077719973 0.00055421248908626 0.000483855700310012 0.000397871091440248 0.000307619636644087 0.000212766334483866 0.000242352743242588 0.00113452782793439 0.000853056692509824 0.00058776401930479 0.000420213059868432 0.000451577813755842 0.00150423892921183 0.000969973903559335 0.000529563758890514 0.000539269558867627 0.00163783806393608 0.000754757873963799 0.000614625595891367 0.00183203861284387 0.000872589859060915 0.0015807596537358 0.24727974140741
1 rs1057213 761752 C T 0.139666666666667 2 11 -0.00202736572837579 0.0312406535088478 0.0412932167749226 -0.0272171185133408 0.0751651494234041 0.0287060985299813 0.000548290132186197 0.000481297106524461 0.000395231659925718 0.000305600365115909 0.000212095973033026 0.000242964529059004 0.00113919265417494 0.000858228447026446 0.000589663236829417 0.000424593002253396 0.000458175200809077 0.00153157770365941 0.000980527058280262 0.000533380603074294 0.000547028366701393 0.0016589817118557 0.000763926169609039 0.00061847833214822 0.00186969016894267 0.000883708000198967 0.0015955673630437 0.168553850080138
1 rs3115849 762273 G A 0.168 2 11 -0.00473172715018724 0.0223551064498127 0.0231299953268979 -0.0343139707960556 0.0384649913689704 -0.0142559599952597 0.000512404297250975 0.000449658994743896 0.000369259791186427 0.00028540795864707 0.000198050625685052 0.000226654399023094 0.00106391139044247 0.000802054967557831 0.000550323669517621 0.000396179231563454 0.000427356224481715 0.00142320704642646 0.000914507024916993 0.00050156254017334 0.000511783584854288 0.00154679340848793 0.000711515074162537 0.000575903550380003 0.00173056494765937 0.000821633689837465 0.00148627852244083 0.40307449051063
1 rs148989274 762485 C A 0.927333333333333 2 11 0.020650862451906 -0.077081963411761 -0.10634824446098 0.0750718504736078 -0.0510912299920863 0.0330112845320357 0.002080320454578 0.00175191189018492 0.00145602816242669 0.00112410385007651 0.000749553105694146 0.00082453695030989 0.00385231974450734 0.00286826533826541 0.00200211721724058 0.00134987978830571 0.0014171732419727 0.00479413647945406 0.00314553683707053 0.00166713390772175 0.00168016859993234 0.00522959868685638 0.0024380649633817 0.00205905212988564 0.00578605227298478 0.00283444334239362 0.00516783436701322 0.0366627069717385
1 rs71507461 762589 G C 0.177666666666667 2 11 -1.978887992833e-05 0.0417133945753259 0.0466211539046522 -0.021306276522004 0.0608017507122377 0.0126071002825993 0.000541905372077854 0.000475622086818532 0.000390604887907325 0.000302082577654124 0.000209376858018184 0.000239842661148501 0.00112583279062759 0.000848484390145337 0.000582728517056858 0.000419181955516756 0.000452490161291925 0.00151222961777616 0.000968221287257771 0.000526953588912231 0.000540556574738777 0.0016384654739045 0.000753469800264589 0.000610472756698311 0.00184369722437831 0.000871977632027415 0.00157460254089853 0.222103046324424
1 rs71507462 762592 C G 0.181666666666667 2 11 0.000366028482190918 0.0408295331647217 0.0464944329157506 -0.0183846115432777 0.0641057795487375 0.0146633579473866 0.000544707770135486 0.000478196035016766 0.000392702624856079 0.000303649494517848 0.000210567931640885 0.00024124464353858 0.00113229788993716 0.000853354749278656 0.000585967751352505 0.000421780932026591 0.000455330230918609 0.00152188360419162 0.000974052239695176 0.000530060687694779 0.000543921234157419 0.00164872741639616 0.000758120064265987 0.00061404550444572 0.00185616772183089 0.000877448824172889 0.00158415285982393 0.242453752290259
1 rs71507463 762601 T C 0.186666666666667 2 11 -1.58334254653641e-05 0.03511637361779 0.036464345189771 -0.0265874009185785 0.0553594988495297 0.0135042629435647 0.000538567837955213 0.000473300971041122 0.000388569170924523 0.000300447217314912 0.000208700797444797 0.000239339151864566 0.00112252507954001 0.00084610467480913 0.000580931473674945 0.000419123847167126 0.000452677643057336 0.00151282676745346 0.000967324536604731 0.000526581258015596 0.000540636692218999 0.00163806313937337 0.000753091115914916 0.000609040822434242 0.00184704501242848 0.000871713521087062 0.00157298214930221 0.33002364157062
1 rs61768173 762632 T A 0.179666666666667 2 11 0.00877451046219118 0.0464057796670258 0.0287919080482906 -0.0370245058670999 0.0552743300234235 0.0157383543803603 0.00054656325194538 0.000478988166134539 0.000393568553655176 0.000304669705513467 0.000210932388652519 0.000241383671707086 0.00113121174269815 0.000852101647857571 0.000586340467491401 0.000420861023912086 0.000453913961907185 0.00151633352413858 0.000971914774272068 0.00052907365178217 0.000541743153226503 0.00164379371929598 0.000756854317009402 0.00061388294122808 0.00184955320323502 0.000875706690271524 0.00158217537667639 0.226895004948082
1 rs7515915 764191 T G 0.870333333333333 2 11 -0.000218383481621262 -0.0369936251712891 -0.0465350396590104 0.0217913813233993 -0.0760483285903437 -0.0273439011556719 0.000590272375987076 0.000517269437947771 0.000424974840809673 0.000328711221695951 0.000227555345146977 0.000260324222541909 0.00122111395059521 0.000919561948477735 0.00063230290965757 0.000453713495008993 0.000489285750365348 0.00163642056536447 0.00104849910680316 0.000569566009372662 0.000583958063796086 0.00177299902035568 0.000816483033460543 0.000662394265299646 0.00199628795929272 0.000944930863808353 0.00170677663102551 0.202451894694162
1 rs61768174 766007 A C 0.894666666666667 2 11 0.0101067373036721 -0.0570327428114859 -0.0547047430537135 0.0385654035533895 -0.0641450746173952 -0.0062192398071455 0.000792698421910347 0.00069315843162276 0.000569706762896804 0.00044085876010123 0.000304596016953842 0.000347814978616748 0.00163059598370586 0.00122731399405006 0.000844463847662369 0.000604085786773451 0.000650595055580618 0.00216864046842369 0.00139643592095636 0.000761754100953974 0.000777720711283674 0.00236038513075755 0.00108748737598893 0.000884380354163714 0.00263830217022357 0.00125609040593005 0.00227378794446491 0.0923541907625783
1 rs2977608 768253 A C 0.279 2 11 0.00821578225446733 0.0338219365871997 0.0523920369044492 -0.0195994075504775 -0.0148418664142606 0.00459902906680898 0.00048984268147707 0.00042854951599127 0.000352214050269942 0.000272466210303537 0.000188443067043522 0.000215021077414968 0.00100873806696688 0.000759403801259058 0.000522462401702767 0.000374232033818859 0.000402484636895161 0.00134205691716042 0.00086403088002915 0.000472774209247663 0.00048145008243854 0.00146076875504617 0.000672332000081343 0.000547655679673123 0.00163243352824601 0.000777047932300605 0.00140720604234161 0.483974068201038
1 chr1:769138:D 769138 C C 0.868666666666667 2 11 0.00168073313515976 -0.0288308863498707 -0.0394763505562731 0.0322466664563897 -0.0747085153665016 -0.0242764962835913 0.000562428086521961 0.000494802604006812 0.000406057802560666 0.000314038999476347 0.000218385010777385 0.000250678481265012 0.00117560017414583 0.000886566872225566 0.000608400917967299 0.000439633725076595 0.000475073315420634 0.00158553706407214 0.00101469500123798 0.000553993817620858 0.000567994706177724 0.00171842183991671 0.000790304176511245 0.00063834064444329 0.00193394707647485 0.000913499932539117 0.00164940451470916 0.164709978230385
1 rs60320384 769223 C G 0.875666666666667 2 11 0.00398714313888587 -0.0485223609990751 -0.0494567959377447 0.0416536995990446 -0.0638227214621883 -0.0121563031108841 0.00061671672465873 0.000541566164487208 0.000444635291494004 0.000343947591703909 0.000238693234701003 0.000273507318690326 0.00128287398210164 0.000967019672186547 0.000663952794920704 0.000478393768948644 0.000516281364230205 0.00172124156784483 0.00110434705532066 0.000603384910692741 0.000617509297474084 0.00186905697937842 0.000859841908354612 0.000696108457306967 0.00209591935363487 0.000993380863432297 0.00179582766389355 0.0732134218019134
1 rs2977605 771823 T C 0.133333333333333 2 11 -0.000475592841773052 0.0262505550840536 0.0360384130695918 -0.0356393065972052 0.0701970511625235 0.0190957619656985 0.000562123297630543 0.000493856322996673 0.000405486623385048 0.000313579531979998 0.000217614723979302 0.000249517950483326 0.00117079480390939 0.000882564480223547 0.000605828169599705 0.000436634631117484 0.000471523634564179 0.00157690983620097 0.0010081102076252 0.00054843418635706 0.000563050466600752 0.00170656702015696 0.000785119433839242 0.000635151639468856 0.00192399203011107 0.000908589574533994 0.00163987896891735 0.18742971347486
1 rs59066358 771967 G A 0.876666666666667 2 11 0.00662444392270532 -0.0459714400276586 -0.0457366173374741 0.0475721742214878 -0.0620511344477252 -0.0098676438476413 0.000642049726097616 0.000562355960346197 0.00046205752936388 0.000357318392658519 0.000247310981133352 0.000282690691553564 0.00132635516515502 0.000998900838128612 0.000686533764863156 0.000492440434527756 0.00053067743737742 0.00177126657464898 0.00113760155271803 0.000619944515163832 0.000634157739313932 0.00192328704708262 0.00088570786700745 0.000719033307580147 0.00215630955708039 0.00102385732813573 0.00185165971510797 0.0689417904690745
1 rs2905039 772755 A C 0.132666666666667 2 11 -0.000996303746307892 0.0252978316762355 0.0351859437968524 -0.0376901885703319 0.069478308717877 0.0194937821347348 0.000552888602801923 0.00048584059365242 0.000398892455125977 0.000308453172030922 0.000214124443538849 0.000245550207311954 0.00115214607110423 0.000868544773679794 0.000596160685696502 0.000429840253743523 0.000464210164426431 0.0015529800685317 0.000992344735948087 0.000539590633875693 0.000554210169722108 0.00167978784301873 0.000772831734996622 0.000625069805292254 0.00189537775070162 0.00089455421366576 0.00161421063163114 0.171768508193184
1 rs28810152 774874 A C 0.333333333333333 2 11 -0.0139800032788757 0.0076656285276001 0.00255128219805474 -0.0431358485219241 0.0278624416828711 -0.00622915233131041 0.000549315883586111 0.000480917517856778 0.000395143774020536 0.000305485126070268 0.000211670966998909 0.000241719133662329 0.00113307549853501 0.000852944486583698 0.000586264344431931 0.000420860930195198 0.000453043336054612 0.00150916455532514 0.000971670446699075 0.000531177843310395 0.000541890361451232 0.00164340537753943 0.000756072693573341 0.000614673899242587 0.00183685319278474 0.000873594580827582 0.00158184383245328 0.6420453109373
1 rs61768182 775181 A G 0.869333333333333 2 11 0.00180739562324882 -0.0277269235197637 -0.0388322385704841 0.0322311512070252 -0.0726209191102482 -0.0232519794937109 0.000554440033312205 0.000488020180585648 0.000400452371643696 0.000309684641341707 0.000215454657009684 0.000247444957142821 0.00116042493239036 0.0008752217004834 0.000600542946374677 0.00043428122942519 0.000469464298697761 0.00156782514740921 0.00100226715223882 0.000546611086425326 0.000561084914901981 0.00169785967923582 0.000780732605078955 0.000630249005624253 0.00191344311128838 0.000902735911402889 0.00162915719237842 0.177229424212436
1 chr1:775256:I 775256 T T 0.358 2 11 -0.0153606030876987 -0.0390100690603252 -0.0419323701587969 -0.0987778432449437 0.0640059409081012 0.0271598149216867 0.000555617763820575 0.00048454419714553 0.000398392278626717 0.000307570459581118 0.000213120552327285 0.000242290365085136 0.00113355065177868 0.00085175695816374 0.000586096359894197 0.000419351262112742 0.000449903868539872 0.00149285970402217 0.000967425157558752 0.000531792011224019 0.000538852721234363 0.00163241630608648 0.00075570070597235 0.000616307193337156 0.00181411406791181 0.000869254637026184 0.00157863046565574 0.0171340523919979
1 rs2980319 777122 A T 0.121 2 11 -0.00626432679007967 0.0131559996921155 0.0237151537627463 -0.0290751115959026 0.081895486416203 0.0117757228762135 0.000616361229336957 0.000544902698997148 0.000446656195411013 0.000345208242373998 0.00024126310764186 0.000278152070274108 0.00130487913123735 0.000985890666688693 0.000674327923551416 0.000491478427620432 0.000532516053428845 0.00177880925218646 0.00113276409411419 0.000619092716834126 0.000637164536159157 0.00192246757661261 0.000882987746475179 0.000708846749889223 0.00217199021090522 0.00102057865066292 0.00183881552834017 0.288430459814219
1 rs1055606 778745 A G 0.889666666666667 2 11 0.00837422203251263 -0.0444952604184487 -0.0460492862753204 0.0351395301456076 -0.0808574415862886 -0.0137911594685792 0.000708375588566613 0.00062490284937203 0.0005124452983128 0.00039611976628965 0.00027635015869152 0.000317910121251732 0.00149116601359016 0.00112586202711709 0.000770859114824402 0.000559953687957848 0.000605827266712047 0.00201801178049288 0.00129117481615764 0.000707773725531929 0.000725705016306626 0.00218900451980912 0.00100616744188544 0.000809745005836562 0.00245874054377921 0.0011612217161371 0.00209645002475366 0.11110167242278
1 rs4040617 779322 A G 0.884 2 11 0.00310381929089269 -0.0238985965992206 -0.0371896782575363 0.0212165288933326 -0.092169900216303 -0.0263086461889976 0.000626969467155175 0.000555400097070795 0.000455004223202601 0.000351653390854505 0.00024631601225157 0.000284481929116349 0.00133439263530793 0.00100901405773197 0.000689594152022116 0.000504242441425928 0.00054704099330519 0.00182584712324977 0.00116176558904332 0.00063625618759139 0.000655069076981959 0.0019728350721172 0.00090548506009039 0.000725234882633383 0.00222935033511504 0.00104604881256727 0.00188414997396597 0.22577173415584
1 rs2977612 780785 T A 0.164333333333333 2 11 0.00170932360426355 0.00664573136938892 0.0187436839078874 -0.049058903294442 0.0753561218064745 0.0091445725657778 0.000605507672250703 0.000534452111772249 0.000438139891468041 0.000338802541630662 0.000236788199464918 0.000272535475916036 0.00127579429286466 0.000962774447012692 0.000659426569763257 0.000480245008845279 0.000519378791534384 0.00172807437008147 0.0011063787779978 0.00060800697273423 0.000622185705315038 0.00187613997110599 0.000862756324655807 0.000693573698882758 0.00210933753637307 0.000995372690365598 0.00179721820856491 0.181633402399753
1 rs61768199 781845 A G 0.92 2 11 0.0421592352889164 -0.0337829580793571 -0.0296101404902299 0.0597086266949824 -0.095641725539666 -0.00025919632972965 0.00131077388521061 0.00114257128207371 0.000939717279413443 0.000726656150094759 0.000501370137113163 0.000570462786736666 0.00267229430485629 0.00200883243515424 0.00138332134026741 0.000985922325758365 0.00105901774243132 0.00352232050187702 0.00227948070330993 0.00124614609157018 0.00126726322124779 0.00384955360021097 0.00177566244875508 0.00144878789063811 0.00427819004161281 0.00204838319800734 0.00371507891439408 0.0869035339118206
1 rs6594026 782981 C T 0.834 2 11 0.00917896822901814 -0.0129545403746497 -0.0227734413888138 0.0493271222383316 -0.0869593506687595 -0.0347040343577176 0.000605471874499742 0.000536251446543893 0.000439204880683526 0.000339561399924811 0.000238202684545991 0.000275012433756097 0.00128745382814772 0.00097284131720216 0.000665634673292423 0.000487291208330559 0.000528244174377083 0.00175757007970428 0.00112220623921494 0.000617199466042117 0.000633127349634026 0.00190596929304585 0.000874858535101635 0.000701011490919332 0.00214723497045573 0.00100930426363141 0.00182029141742816 0.102689718516645
1 rs6686696 783318 A G 0.894333333333333 2 11 0.00842189739505085 -0.0474632067407515 -0.0513029613559975 0.0284511098092984 -0.0806864420011241 -0.0144680299834399 0.000757519294826376 0.000668737209186106 0.000548258453425279 0.000423846323421247 0.00029594053843523 0.00034067481389165 0.0015976802942572 0.00120659971398291 0.000825944016071923 0.000600752411258488 0.000650245474612189 0.00216445186252681 0.00138491164774453 0.000760110212495218 0.000779279183470251 0.00234911615510537 0.00107886176185902 0.000867859938352286 0.00263714822017923 0.00124501263437107 0.00224783846460546 0.147845602395595
1 rs2905062 785050 G A 0.163333333333333 2 11 -0.00713517136032831 -0.00192211140214958 0.00905973381032804 -0.0502658167518516 0.0698109865618052 0.0139719273392317 0.000596425965225025 0.000525702858197114 0.000431131473749035 0.000333379520541525 0.000232556246818009 0.000267302068989621 0.00125211999306341 0.00094451580088481 0.0006472302966013 0.000470088160295496 0.000508035507918396 0.00169102997032126 0.00108356171950524 0.000594724524868866 0.000608388730927258 0.00183654360892689 0.000844862666973894 0.000680753337481929 0.00206283844318616 0.000974782899999311 0.00176106900239232 0.24547710234048
1 rs2980300 785989 T C 0.175666666666667 2 11 -0.00484190711293102 -0.00118814995763406 0.00763601977162372 -0.0502544388938105 0.0800211597646805 0.0192496881795631 0.00058241376850157 0.000514173350929395 0.000421470455728619 0.000325813816514256 0.000227845980195244 0.000262228367642084 0.0012277072670896 0.000926473531438355 0.000634588770569285 0.000462347348451383 0.000500060057061179 0.00166252406380517 0.00106518098742139 0.000586012996157507 0.000599281617721319 0.00180694668220354 0.000830712630580967 0.000668092200131196 0.00202895106492364 0.000957852130616057 0.00173022979049165 0.172097197746145
1 rs61768202 786995 G A 0.884 2 11 0.00441148091817862 -0.0232049647096365 -0.0383201626085809 0.0179776658863496 -0.0939872572172458 -0.0253997015257772 0.000644012234872862 0.000571597448469226 0.000468011509246669 0.000361665753225461 0.00025396669757001 0.000293797113719387 0.00137747396467688 0.0010423055914804 0.000711727923050442 0.000522334623779525 0.000567212977146816 0.00189090817153922 0.00120268348501205 0.000660442212975762 0.000679887324578422 0.00204400774842785 0.000937457033839878 0.000749096406689056 0.00230902683923059 0.00108229018931703 0.00194898098651789 0.244437437217462
1 rs12077234 787121 T A 0.861333333333333 2 11 0.00952819662215528 -0.00919877105220987 -0.0338567919660535 0.0471050913475777 -0.0810468580747835 -0.0222441044591985 0.000731109399408242 0.000645768160838973 0.000529256034113539 0.000409343397265198 0.000286218382509357 0.000329675138113358 0.00154364023480642 0.00116517506936053 0.000798195378659509 0.000581647867666696 0.000629533540163147 0.00209720426128644 0.00134070105360545 0.000734396856075002 0.000753561019297411 0.00227364501619506 0.00104509579817337 0.000840048637493267 0.00256247866264607 0.00120652395068392 0.00217677673437906 0.171646081548377
1 rs2519065 787151 G A 0.837666666666667 2 11 0.01070634084692 -0.00183860072784875 -0.00506640262771999 0.057941219994005 -0.0820478230370097 -0.0152986492992976 0.000735068921826394 0.000647925017433811 0.000531436214358321 0.000410700346213902 0.000286803534299638 0.000329677121559161 0.00154337837446396 0.00116409673612443 0.000798106521963818 0.000579770348619004 0.000626767381579148 0.00208720377036443 0.00133585975676224 0.000732354335187115 0.000749943274386738 0.00226577526833609 0.0010415612981716 0.00083844062191926 0.00254872643068262 0.00120280443657414 0.00217100301217503 0.21270193232228
1 rs56108613 787262 C G 0.123333333333333 2 11 -0.0110140046877177 0.00687062116923176 0.0197261094342239 -0.0255442727420142 0.0800689698657658 0.00930134125565605 0.000652500607664637 0.000576268257502025 0.000472515259748653 0.00036508008428438 0.000254997048396748 0.000293627124205959 0.00137760095541833 0.00104034466825414 0.000711909224141465 0.000518093281517448 0.000560953674163262 0.00187314700011264 0.00119421055328871 0.000652932153788724 0.00067124567959589 0.00202679662389427 0.000930772666490892 0.000748298438647162 0.00228695698268927 0.00107589877718493 0.00193941777978974 0.373920814854443
1 rs2905055 787399 G T 0.179666666666667 2 11 -0.00965180110277174 -0.00316694972338028 0.00248093481821479 -0.0542968327873982 0.0787240634651278 0.0173168823950976 0.00060877461002628 0.000537333488436005 0.000440527408763644 0.000340574759784929 0.000238188719247153 0.000274158887472043 0.00128251502884026 0.00096740465097271 0.000663249803251383 0.000483118255446653 0.000522538283354468 0.00173927085788718 0.00111267517734818 0.000610327899087238 0.000625299337649541 0.001887662110013 0.00086831866565382 0.000697983003620218 0.00212629703409879 0.0010021491781778 0.00180850857789706 0.182704810549775
1 rs3863622 787606 G T 0.883666666666667 2 11 0.006027840711386 -0.0222560542878232 -0.0368360448871869 0.0203349592785758 -0.09275167850275 -0.0280435784622669 0.000663343062382813 0.000587593472989648 0.000481378963018008 0.000371982796974637 0.000260641963025012 0.000300969861566755 0.00141155657761899 0.00106723127970645 0.000729540743099425 0.000533464695978605 0.000578702552571911 0.00193077211192562 0.00122913823430839 0.000673530757252059 0.000693083095503566 0.00208726781448163 0.000957881327726881 0.000767347594894107 0.0023579383005023 0.00110650184468087 0.00199336690796454 0.253355484205279
1 rs2905054 787685 G T 0.197 2 11 -0.00564849094514621 0.00336893078867229 0.00874853036295108 -0.0580353469480113 0.0740373300670529 0.0254092446899935 0.00060731376581562 0.000535435320470824 0.00043900559422452 0.000339460522982267 0.000237201748428257 0.000272636259457944 0.00127561660603098 0.000961903199068475 0.000659813372280083 0.00047970708272638 0.000518404432922608 0.00172173322340888 0.00110556752034469 0.000608516254705217 0.000621258172471946 0.00187449394993231 0.000861935603302599 0.000694456396959744 0.0021014450825298 0.00099374551269536 0.00179642583437845 0.163679045380097
1 rs2905053 787844 C T 0.157333333333333 2 11 -0.0121852786034981 -0.00424269488257169 0.0117102326332338 -0.0468978440471478 0.079255079790001 0.0189160729461173 0.000619455214187361 0.000546440863267289 0.000448061583544786 0.000346444327650024 0.000241794112315683 0.000278177928613268 0.00130335589775405 0.000983424196185914 0.000673721759974842 0.000489828301553156 0.000529735636268708 0.00176572268457633 0.00112912970819253 0.000618164526590579 0.000633896240818252 0.00191463483462013 0.000880578815857358 0.000708890243581342 0.00215596250198304 0.00101654216687989 0.00183476434670858 0.197850700902251
1 chr1:789513:D 789513 G G 0.887666666666667 2 11 0.00444845634569986 -0.021358369444459 -0.0349837261344393 0.0228729806220135 -0.106432370221546 -0.0355222732319624 0.000714165261797379 0.000632841704885972 0.000518372668897643 0.000400641889324115 0.000280758036829463 0.000324327190200545 0.00152125815487781 0.0011505056393627 0.000786238544405903 0.000575135676197132 0.000624056995332402 0.0020812757158828 0.00132527326592328 0.000726833873024606 0.000747623815325067 0.00225031857821147 0.00103296281393517 0.000827177125061204 0.00254009560633885 0.00119241733382418 0.00214873285344687 0.195190214195461
1 rs61768207 790465 G A 0.909666666666667 2 11 0.0366363371213123 -0.0312869303889296 -0.0330134403867012 0.0639988407021927 -0.0966491496948716 -0.0225632742968939 0.00124294984873813 0.00108137167633332 0.000889990813979417 0.00068781982254883 0.000473822640021025 0.000537950066787477 0.00252046536855248 0.00189282320885926 0.00130553349906686 0.000927309090583294 0.000994638036694694 0.00331834749611926 0.00214537411560641 0.00116613278717151 0.00118773355126813 0.00361948911144802 0.00167026692841786 0.00136648653177647 0.00403768278853677 0.00193044647484657 0.00349959550995823 0.0847771662268484
1 chr1:790758:D 790758 G G 0.164333333333333 2 11 -0.00989058293432964 -0.00683775614552517 0.0115520698410221 -0.0446936287778053 0.0807745605795585 0.0184869838632227 0.000634229731070944 0.000559089884991692 0.000458465530430078 0.000354504650536049 0.000247356175769444 0.000284332216051392 0.00133190283008451 0.00100474278031457 0.000688498551858639 0.000500177533746292 0.000540576650325874 0.00179830625009749 0.00115304333379182 0.000633271752412043 0.000647557143071497 0.00195461215992033 0.000899031052287663 0.000724432053088961 0.0021932717997621 0.0010368143668292 0.00187357892569763 0.216592847961531
1 rs111818025 791191 G A 0.886666666666667 2 11 0.00879279643735546 -0.0164757855859945 -0.0338347448527995 0.0215964710441529 -0.105289958418339 -0.032954636391066 0.000720486276171369 0.000637879273017471 0.00052262085717498 0.000403921986561675 0.000282804817599536 0.000326434522079652 0.00153115565655772 0.00115752053337158 0.000791363246890923 0.000578070033397548 0.000626943761191061 0.00209105981841193 0.00133231125275826 0.00073010274867147 0.000750925103352503 0.00226200129337056 0.00103835795194059 0.00083239778609829 0.00255232585709962 0.00119900088336987 0.00216090219257912 0.203859245745601
1 rs59380221 795988 C T 0.796 2 11 0.0266539886214072 -0.0343257658972175 0.000618089822073516 0.0664209895810239 0.00618432478509788 0.052970575921634 0.000793500387098944 0.000691474224559034 0.000568748093990678 0.000439687050964002 0.00030347788982227 0.000344907921456711 0.00161626139668314 0.00121520318395354 0.000836523785782905 0.00059622237740142 0.000639742890061734 0.00212471924568334 0.00137759150261526 0.000756823386467135 0.000766493589305114 0.00232568904641903 0.00107160730603385 0.000875390394302092 0.00257621156326241 0.00123555232374411 0.00224471353230197 0.179109473287405
1 rs12083781 796375 T C 0.874333333333333 2 11 0.00997151856203117 -0.0635724785883031 -0.0614354821344269 0.00800006683557233 -0.0779581633644918 -0.0196278960105888 0.000870300934147361 0.000755171106219244 0.000622016105901007 0.000481063115316693 0.000329853413324333 0.000373694620960042 0.00175318819688997 0.00131652053324827 0.000907983833049397 0.000641520350225109 0.000687229353408788 0.00229491161150622 0.00148515118572354 0.000807107150521938 0.000820697037205136 0.00250327609125112 0.00115526202793184 0.000948102876915706 0.00278457410567307 0.00133563155599067 0.00242360319390222 0.17102363114258
1 rs58013264 797440 T C 0.873 2 11 0.0107674248822728 -0.0610352574072264 -0.053852435839017 0.0188436332448827 -0.0916667916828826 -0.0267201008742013 0.000889824118030431 0.000769848707814013 0.000634593371964373 0.000490285534077829 0.000335957483911158 0.000379378693729051 0.00177700726432207 0.00133214533591223 0.000920863005141321 0.000647925356031467 0.000692691151486685 0.00231439164348416 0.00150147621771177 0.000813162603668616 0.000826303323539035 0.00252760479198097 0.00116962599261886 0.000962160233869966 0.00281163095090486 0.00135148750564628 0.00245366099002948 0.113071004537303
1 rs11240777 798959 G A 0.739 2 11 -0.00195501932068024 -0.0251819771672489 -0.0486017090951133 0.0159350179290161 -0.0278488847103454 -0.0423621875156686 0.000655282046428834 0.000568177400513507 0.000468106120752689 0.000361968759890849 0.000247964628317425 0.000280547515152848 0.00131711662609669 0.00098869646382419 0.000682161867983126 0.000481437080607558 0.000514844616913085 0.00172108986477242 0.00111444856408778 0.000605965832257311 0.000614703038434607 0.00187686941048202 0.00086599353907779 0.000712932103360438 0.0020879767699939 0.00100223817908909 0.00181905779193115 0.588397356169783
1 rs143609865 800193 A T 0.958333333333333 2 11 0.0139059381412182 -0.0406246721815293 -0.0982255634422375 -0.0430152880539219 -0.18319402856904 -0.0623769387534504 0.00351650867722796 0.00302227695914613 0.00249593426686831 0.00192660644229154 0.00131511223441402 0.00147510412045662 0.0068926353746946 0.00515326134596456 0.003572023602762 0.00249404288054689 0.00265192045364339 0.00887331281235824 0.00578041511502777 0.00311457650293166 0.00315729968112707 0.00971511083640539 0.00450166186766522 0.00373131506483926 0.0107916069344377 0.00520994404980844 0.00947041440090736 0.561780728324981
1 rs61768212 801467 G C 0.866333333333333 2 11 0.00357118824589866 -0.0708273524318494 -0.0731712545908745 0.00129913201609037 -0.0935768078111626 -0.0319218814463608 0.000855029795901757 0.000739516879417977 0.000609649589118143 0.000471172340820421 0.00032248369358302 0.000364169184295672 0.00170647631386789 0.0012793551389128 0.000884360288940818 0.000621647938284562 0.000664764050124739 0.00222188415203848 0.00144114288059306 0.000779546288161925 0.000792908549612046 0.00242564057925267 0.00112188222243733 0.000923223966890589 0.0026985799679557 0.00129720021665462 0.00235450445502676 0.103735783045289
1 rs10157494 802496 C T 0.871666666666667 2 11 0.00543970670161448 -0.0714382546452653 -0.0716044617830255 -0.00528772272357755 -0.0894497748111691 -0.0330995887054561 0.000965465388929784 0.000831661456588873 0.00068647104464225 0.000530381486503929 0.000361448505970813 0.000406512129337694 0.00190569400201283 0.00142730045990154 0.000987409765692114 0.000689742148351625 0.000735476356975311 0.00246246961422563 0.00159989273583648 0.0008631704567492 0.000876747954438334 0.0026890833180647 0.0012443625590446 0.00102872500526841 0.00298673910983035 0.00144041842362386 0.00261642301155092 0.182819008585459
1 rs7526310 804759 C T 0.872666666666667 2 11 0.00713240715173196 -0.0735846921595226 -0.0775179855445098 0.00983838937724398 -0.0989333305353166 -0.0384982401058316 0.000947088633633079 0.000819049979848539 0.00067525059994779 0.000521772225032339 0.000357108499975074 0.000403106137736913 0.00188959775407209 0.00141677060410373 0.00097907895917888 0.000687997724117327 0.000735573104844684 0.0024576635780387 0.00159554867230439 0.000863316272543421 0.000877821544871699 0.00268306094153154 0.0012419192686779 0.00102182491101966 0.00298285237605463 0.0014350511820257 0.00260571483806361 0.0692841523958791
1 rs61768215 807997 G A 0.898666666666667 2 11 0.0319114375501958 -0.0340166458091231 -0.0514956226619809 0.0736928800946605 -0.0439442923867815 -0.00308942433854461 0.00132624643336702 0.00114485486193543 0.000944315642948653 0.000729441404970329 0.000498628066423656 0.000561718106666993 0.00263217533570048 0.00197260622920871 0.00136505479446552 0.000957290535308498 0.00102109410866724 0.00341050410995028 0.00221780027482078 0.00120274534667748 0.0012185665585895 0.00372531727707912 0.00172263165231129 0.00142221795542598 0.00413620821161998 0.00199324939815025 0.00362351074205185 0.135756011876673
1 rs11240779 808631 G A 0.288666666666667 2 11 -0.00764412536635431 0.0104539567184547 0.0566456596834846 -0.00468286282293558 0.0159906790400734 0.0483644253348628 0.000628936415686246 0.000545685274270343 0.000449408570933039 0.00034731542204708 0.000238423472710426 0.000269880215892886 0.00126594283402242 0.000950535682527456 0.000655563998282018 0.000463424185403737 0.000495590699702498 0.00164933709903024 0.00107265915744667 0.000587645564592495 0.000593315488084186 0.00180604910862647 0.000833352046309295 0.000685726582422113 0.0019968046033326 0.00096194460094719 0.00174918138262156 0.431945559047886
1 rs28410559 810286 G A 0.823666666666667 2 11 0.011324146696188 0.00196057117585607 -0.0461010849258536 0.00770041955088548 -0.0708746004946185 -0.0282668454169028 0.00075932671211306 0.000661715720778016 0.000544310669092222 0.000420787647274338 0.000290188265706174 0.000329895903382002 0.00154690496653416 0.0011628071921418 0.000800476729840374 0.000570198456675219 0.000611992210990716 0.00203813067689402 0.00131873803541263 0.000720793105993762 0.000732136843947096 0.0022255039057302 0.00102594572529914 0.000838596146849222 0.00247633205135663 0.00118457688877964 0.00214916720789614 0.426795299655703
1 rs58686784 810780 G C 0.890666666666667 2 11 0.0244556880214902 -0.0356066214428015 -0.0646188285004675 0.0503320754265242 -0.055201861521613 -0.0130328258828487 0.00118753261978392 0.0010264007525027 0.000846324714952422 0.000653639438796696 0.000447547980466845 0.000504745901358773 0.00236468074278102 0.00177239082890324 0.00122581157605444 0.000861756550227295 0.000919822325103711 0.00306934478292638 0.00199603548208563 0.00108380447981816 0.00109827211516104 0.00335567399966572 0.00155105775262499 0.00127880824766659 0.00372467860907312 0.00179366990649689 0.00326009058800854 0.159861123312588
1 rs6605064 812743 C T 0.861666666666667 2 11 0.000665000693493786 -0.0548013274989374 -0.0966769093606436 0.0137430259221726 -0.0899012614616614 -0.0344403991227932 0.000993573219558431 0.000859162395927164 0.000708335783952674 0.000547230122735568 0.000374725979543425 0.000422904744417039 0.00198161188539049 0.00148527801210606 0.00102630346630479 0.000721871474782077 0.000771223768712023 0.00257668345895488 0.00167323586140659 0.000904975080417146 0.000920009481479937 0.0028161412501139 0.00130190854294063 0.00107250044800109 0.00313162105297206 0.00150546574395824 0.00273363432323256 0.0843192506909195
1 rs4246499 813640 A G 0.159666666666667 2 11 -0.00163214961718324 0.0393415558325724 0.0780150477479382 -0.0191976906245139 0.0878154460621463 0.0462576862676769 0.000807835296295276 0.000703074211618265 0.000578554447323718 0.000447088933629918 0.000308172268328998 0.000349916615845453 0.00163965803461964 0.00123150852233285 0.000848941280996432 0.000603458243950027 0.000647273229659407 0.0021562538240751 0.00139639584607119 0.00076082506794385 0.000773672918115993 0.00235554206771908 0.00108706952019746 0.000889316694423856 0.00262207530268805 0.00125500963347708 0.00227684111440127 0.0977397148439407
1 rs4970388 813747 G A 0.151333333333333 2 11 -0.00153638427210745 0.0359036474992706 0.0652975363992619 -0.0376378197567094 0.0636760064047296 0.0338376324970947 0.000837542880805972 0.000730349603144851 0.000600573379265972 0.000464322421988438 0.000320739185354403 0.000364805867714697 0.00170901734401707 0.00128461431061504 0.000884882170480237 0.000631296889524042 0.000677715676039719 0.002252683915872 0.00145960168665951 0.000799341075823131 0.00081134326412233 0.00246265950340424 0.00113550129779244 0.000927214476361804 0.00273738746846706 0.00131007491197105 0.00237760894572149 0.170529019249221
1 rs190575917 821765 C T 0.965333333333333 2 11 0.0360978333973864 -0.0678282811987052 0.0106038590025013 0.0898356620009138 -0.000462238487296859 0.0143233981110217 0.00457414221412097 0.00379525795845837 0.00316790257567542 0.00243337004964527 0.00161459577621687 0.00174667407650186 0.008090176153571 0.00599339200437007 0.00420101024953425 0.002790670149499 0.00289022047378796 0.00980624243534339 0.00649949613196088 0.00342143259862911 0.00342279463189849 0.0107691743024371 0.00504566745529329 0.00432688966125125 0.0118179908195064 0.00586599905442232 0.0107284298664547 0.694668621007258
1 rs13303117 828166 A G 0.724 2 11 0.00301350306125549 0.0725791322172227 0.0848237306917816 0.0640681293389269 0.0265320615126288 0.02749964555368 0.000652416005152475 0.000566806154691502 0.000466704944929046 0.000360389578407424 0.000248333735170284 0.000281471869230128 0.00131706082878952 0.000987665632920305 0.000680990508625306 0.000483997617781432 0.000517799973127134 0.00173104828249472 0.0011177169055205 0.000607283556354744 0.000617222793886244 0.00188948057497969 0.000872157210454696 0.000714095518005811 0.00211212687268169 0.0010090283843556 0.00182826341388795 0.298885436818222
1 rs28444699 830181 A G 0.318 2 11 0.00180155039856143 -0.0677838471919978 -0.0813761458566976 -0.0713535842838377 -0.0148060619026825 -0.0194495814315234 0.000588295137736151 0.000512868849267364 0.000421871624083448 0.000325757941524256 0.000225304493712829 0.000256184791914846 0.00119900682527415 0.000900073582072648 0.000619793583828291 0.000443089052644468 0.000475053679889791 0.00158809964922545 0.00102224673041964 0.000556213208498439 0.00056634226934777 0.00173055271410838 0.000798028394963727 0.000650758682371009 0.00194073935332068 0.000923347155839297 0.00167063641161401 0.205821685073275
1 rs4970385 831489 C T 0.306 2 11 0.019696052922068 -0.036587143814084 -0.0664324590661675 -0.0789004085634388 -0.017345095013609 -0.00313493709649741 0.000493009876135728 0.000430638348975298 0.000354092186196658 0.00027338195142284 0.000189604947575293 0.00021605591416332 0.00100960582881664 0.00075781948040015 0.000521925581475555 0.00037450867964742 0.000402473208845138 0.00134347742440556 0.000862890397199347 0.000468964916312335 0.000479533824614547 0.00146138624691866 0.000674416792057432 0.0005494770013459 0.00164631983464766 0.000780854274071054 0.001411828554066 0.119213414843952
1 rs9697642 831909 C T 0.293333333333333 2 11 0.0217772863297628 -0.0421220163098811 -0.0756522487015507 -0.0767194455140553 -0.0175334815647235 -0.00745994939873782 0.000493658642016875 0.0004323044198946 0.000355240351682769 0.000274310451033382 0.000190539052997399 0.000217663989248049 0.00101790608978762 0.000764830076872507 0.000525880727382391 0.000378733694594901 0.000407714091411164 0.00136135976687683 0.000872217192460965 0.000474572442158911 0.00048595732784543 0.00147923974935478 0.000681648399285084 0.000553754192172498 0.00166813725448066 0.000789301006627169 0.00142602053790331 0.076073649166405
1 rs9697378 832060 G A 0.304666666666667 2 11 0.0203921080841995 -0.0352823018809684 -0.0530325744438644 -0.0489573483499722 -0.0296232479112428 -0.0184146317713594 0.000482349175827502 0.000423163782649777 0.000347603616965646 0.000268329990271275 0.000186623920429322 0.000213629614532425 0.000999735729593796 0.000751781800012001 0.000516356462331099 0.000372848199220882 0.000401877759570799 0.00134725316246751 0.000858730787933314 0.000464307149003978 0.00047810848563421 0.00145715477653674 0.000670970859158295 0.000543745576265311 0.00165349151091382 0.000778387652606377 0.00140303053769842 0.327137680502288
1 rs9697380 832066 G C 0.311 2 11 0.0224418050963143 -0.0345719074203694 -0.0563630245704742 -0.0507979117535663 -0.0356175393702592 -0.0164414086430572 0.000485322276291072 0.000425862099983065 0.000349788931138899 0.000270028920467284 0.000187882794842526 0.000215103820136769 0.00100636415550217 0.000756712297664473 0.000519763950547592 0.000375460359958879 0.000404787847130722 0.00135605757538433 0.000864606482960723 0.000467885107123049 0.00048166546829222 0.00146753072301879 0.000675618817675341 0.0005475128082296 0.00166461318780923 0.000783703166409112 0.00141286157370042 0.260383839442662
1 rs9697725 832112 T C 0.33 2 11 0.020244833717594 -0.0498930930207473 -0.0766099371227835 -0.0635100452994507 -0.0317570590877441 -0.0103229437765443 0.000519422565792137 0.000454114745534939 0.000373385806279498 0.000288271302500815 0.000199846398025253 0.000227995769815686 0.00106637362164334 0.000800660582232859 0.000551027419970571 0.000395457110278502 0.000425599245844542 0.00142510933865861 0.000911729925510326 0.000492581271462164 0.000506185983237279 0.00154593534682701 0.000712163865131624 0.000579964048437287 0.00174848878632755 0.000826392686161294 0.0014918980427712 0.102655895187477
