chr rs ps n_miss allele1 allele0 af beta_1 beta_2 beta_3 beta_4 beta_5 beta_6 Vbeta_1_1 Vbeta_1_2 Vbeta_1_3 Vbeta_1_4 Vbeta_1_5 Vbeta_1_6 Vbeta_2_2 Vbeta_2_3 Vbeta_2_4 Vbeta_2_5 Vbeta_2_6 Vbeta_3_3 Vbeta_3_4 Vbeta_3_5 Vbeta_3_6 Vbeta_4_4 Vbeta_4_5 Vbeta_4_6 Vbeta_5_5 Vbeta_5_6 Vbeta_6_6 p_wald p_lrt p_score
1 rs2073814 753474 0 C G 0.204 0.05862183 0.05850153 0.05498704 -0.09349426 -0.02184263 -0.053629 0.004922848 0.00351274 0.003096559 0.002288461 0.001380852 0.001213807 0.004900782 0.003711469 0.00263471 0.001487148 0.001287243 0.004834384 0.003359846 0.00169213 0.001515487 0.004852911 0.002387422 0.002200277 0.004853329 0.002692481 0.004953576 0.2299819 0.2314148 0.234173
1 rs2073813 753541 0 G A 0.832 -0.06626813 -0.05852248 -0.06143118 0.09634063 0.002993819 0.04275542 0.005278301 0.003766948 0.00332005 0.00245566 0.001477493 0.001299316 0.005257245 0.003982251 0.002825752 0.0015913 0.001377645 0.00518444 0.003602 0.00181091 0.001622417 0.005200279 0.00255875 0.002357661 0.005198005 0.00288461 0.005306168 0.1867873 0.1883153 0.1909762
1 rs72888821 753865 0 G C 0.98 0.3040182 0.2637843 0.2686629 -0.02866338 0.01449387 -0.3026654 0.06215192 0.0443601 0.03910549 0.02888037 0.01736681 0.0153474 0.06193825 0.04693295 0.03324046 0.0187022 0.01626137 0.06107496 0.04235483 0.02128446 0.01914146 0.06133447 0.03009682 0.02777425 0.06113834 0.03393486 0.06233513 0.4872116 0.4877796 0.4898145
1 rs3131969 754182 0 A G 0.172 0.0687717 0.05342971 0.0574308 -0.09553408 -0.00219172 -0.04245252 0.005098339 0.003639034 0.003207263 0.002372567 0.0014274 0.001255481 0.005079058 0.003847174 0.002729272 0.001537348 0.001330785 0.005008468 0.003479398 0.001749526 0.001567306 0.00502368 0.00247214 0.002277702 0.00502191 0.002786917 0.005126366 0.1886559 0.1901485 0.1928104
1 rs3131968 754192 0 A G 0.172 0.06927055 0.05394371 0.05895288 -0.09613985 -0.002603552 -0.0432728 0.005088887 0.003632264 0.003201196 0.002368359 0.001424734 0.001253198 0.005069738 0.003840102 0.002724385 0.001534471 0.001328341 0.004999151 0.003473169 0.001746252 0.001564464 0.005014166 0.002467424 0.002273277 0.005012418 0.00278163 0.0051166 0.1755798 0.1770833 0.179715
1 rs3131967 754334 0 T C 0.186 0.0535056 0.04240604 0.03250822 -0.1077173 -0.01558913 -0.03292754 0.005119284 0.003654038 0.003221643 0.002378912 0.001436178 0.001261336 0.005096981 0.003859811 0.002737825 0.001546538 0.001337378 0.005027792 0.003491942 0.001759711 0.001574701 0.005044787 0.002484498 0.002291145 0.005049978 0.002802185 0.005156065 0.2770545 0.2783755 0.2810537
1 rs3115859 754503 0 G A 0.187 0.06617951 0.06275063 0.06030619 -0.08885201 -0.002881579 -0.04611285 0.004915253 0.003507255 0.003091546 0.002285289 0.001378993 0.00121311 0.004893534 0.003705251 0.002631015 0.001485309 0.00128646 0.004827339 0.003356494 0.001690288 0.0015147 0.004849506 0.00238815 0.002200167 0.004851381 0.002692239 0.004951879 0.2032168 0.2046579 0.2073692
1 rs3131966 754964 0 C T 0.207 0.06467234 0.05933632 0.04265466 -0.09780234 -0.01890622 -0.04197185 0.005094623 0.003635498 0.003205829 0.002367913 0.001431904 0.001258184 0.00507086 0.003839306 0.002726365 0.001542008 0.001334073 0.005003907 0.003478336 0.001754321 0.001570221 0.005027691 0.00247617 0.002282972 0.005033296 0.002792693 0.005138425 0.2771637 0.2784859 0.2811877
1 rs3131965 755775 0 A G 0.202 0.03015141 0.03762754 0.03436144 -0.1292522 -0.04948549 -0.1117408 0.005007822 0.003573779 0.003150185 0.002325971 0.001401688 0.001232203 0.004987008 0.003778762 0.002678508 0.001509988 0.001307329 0.004918337 0.003413169 0.00171796 0.001538707 0.004920718 0.002418441 0.00222311 0.004923772 0.002728057 0.005017326 0.1001958 0.1015907 0.1038358
1 rs3115858 755890 0 A T 0.142 0.04259431 0.05678761 0.0536862 -0.1121637 0.008485101 -0.05911532 0.005246583 0.003743738 0.00329965 0.00243924 0.001464345 0.001288086 0.005225737 0.003960952 0.002808737 0.001577091 0.001366661 0.005153667 0.003576287 0.001794873 0.001608947 0.005156941 0.002538375 0.002334963 0.005153879 0.002860837 0.005259381 0.1096243 0.1110755 0.1133873
1 rs3131962 756604 0 A G 0.171 0.02584084 0.0708498 0.0495125 -0.1059773 -0.01406348 -0.06892733 0.004958718 0.003537369 0.003118372 0.002300355 0.001389262 0.001220805 0.004931765 0.003736151 0.002654231 0.001497344 0.001297325 0.004867742 0.00338249 0.001703561 0.001525627 0.004882902 0.002404423 0.002212955 0.00488696 0.002711196 0.004985592 0.1337095 0.1352302 0.1377263
1 rs3115853 757640 0 G A 0.175 0.06779717 0.05193584 0.05182856 -0.1078911 0.006182035 -0.03752905 0.005035445 0.003594171 0.003167937 0.002344214 0.001408855 0.001239374 0.005016352 0.003799952 0.002696108 0.001517465 0.001313817 0.004946869 0.003436203 0.001726935 0.001547184 0.004958129 0.002442036 0.002249078 0.004958829 0.002752279 0.00506241 0.1223284 0.1238017 0.1262263
1 rs4951929 757734 0 C T 0.136 0.04029943 0.05386668 0.05367323 -0.1136075 0.006287384 -0.06144142 0.00516185 0.00368338 0.00324631 0.002399513 0.001441011 0.001267474 0.005141511 0.003896922 0.002763034 0.001552009 0.001344811 0.005070355 0.00351877 0.001766283 0.0015834 0.005073398 0.002497506 0.002297106 0.005071422 0.002814932 0.005174839 0.09997757 0.1013867 0.1036072
1 rs4951862 757936 0 C A 0.137 0.04106379 0.05491487 0.05316819 -0.1131642 0.006252199 -0.0616866 0.005166602 0.003686721 0.003249327 0.002401749 0.001442507 0.001268845 0.005146124 0.003900406 0.002765675 0.00155363 0.001346299 0.005075127 0.003522091 0.001768139 0.001585039 0.005078561 0.002500097 0.002299499 0.005076697 0.002817859 0.005180193 0.1032329 0.1046525 0.1068984
1 rs3131956 758144 0 A G 0.15 0.04057466 0.05431707 0.05732235 -0.1091457 0.009392481 -0.05646454 0.005045005 0.003599995 0.003172662 0.002345047 0.001408543 0.001238895 0.005025053 0.003808387 0.002700477 0.00151698 0.001314478 0.004955339 0.0034398 0.001726408 0.001547919 0.0049599 0.002441828 0.002246279 0.004957588 0.002751942 0.005059279 0.09836787 0.09977027 0.1019942
1 rs3131954 758626 0 C T 0.137 0.04017087 0.0570025 0.06147808 -0.1064061 0.008210431 -0.05811184 0.005204652 0.003713655 0.00327282 0.002418609 0.001453602 0.001278431 0.005182429 0.003926924 0.002785556 0.001565554 0.001356625 0.005110443 0.003548825 0.001781681 0.001597616 0.005118664 0.002519638 0.002318227 0.005115998 0.002839786 0.00522082 0.1079188 0.1093589 0.1116442
1 rs137919983 759700 0 T C 0.179 0.01053949 0.01783808 0.02268548 -0.09577522 0.01391774 -0.05195475 0.005008038 0.003574885 0.003150937 0.002323392 0.001397916 0.001227477 0.004990043 0.003782367 0.00267511 0.001505579 0.001302433 0.004919906 0.003408771 0.001713375 0.001534265 0.004924527 0.00242335 0.002230234 0.004919325 0.002730978 0.00502085 0.3930017 0.3939216 0.3962676
1 rs114111569 759837 0 T A 0.135 0.0397538 0.05355422 0.05344741 -0.1142395 0.005395085 -0.06159626 0.005205611 0.003714635 0.00327386 0.002419775 0.00145319 0.001278096 0.005185134 0.003930031 0.002786381 0.001565139 0.0013561 0.005113343 0.003548457 0.001781218 0.001596706 0.005116183 0.002518424 0.002316452 0.005114137 0.002838573 0.005218427 0.1023919 0.1038078 0.1060438
1 rs1048488 760912 0 C T 0.188 0.03084687 0.06923416 0.0433176 -0.1209996 -0.00926049 -0.06256496 0.005046236 0.003600048 0.003173797 0.002343112 0.001411804 0.001240779 0.005021732 0.003806179 0.002702792 0.001521218 0.001318219 0.004956574 0.003441038 0.001730848 0.001550195 0.004962105 0.002443997 0.002248872 0.004966685 0.002755794 0.005067784 0.09292048 0.09437643 0.09659753
1 rs3115850 761147 0 T C 0.184 0.03830369 0.07492756 0.04756405 -0.1180072 -0.009993852 -0.06090754 0.004981385 0.003553376 0.003132955 0.002313848 0.001394649 0.001226023 0.004956315 0.003756255 0.002668819 0.00150285 0.001302486 0.004892795 0.003398246 0.0017099 0.00153158 0.004900926 0.002414037 0.002221664 0.004905915 0.002722045 0.005005963 0.08663363 0.08805188 0.09020733
1 rs2286139 761732 0 C T 0.221 0.04017232 0.06144383 0.0288267 -0.128519 -0.05382129 -0.1140605 0.004954016 0.003534457 0.003116748 0.002302742 0.001387901 0.001220699 0.00493231 0.003739071 0.00265405 0.001496297 0.001297213 0.004867887 0.003377314 0.001700452 0.001522696 0.004869467 0.002392749 0.002199612 0.004872098 0.002698991 0.004964485 0.091057 0.09251578 0.09476858
1 rs1057213 761752 0 C T 0.145 0.03815901 0.0540366 0.05602422 -0.1157477 0.007699638 -0.06734637 0.005337512 0.003808644 0.003356587 0.002481014 0.001489157 0.001309879 0.0053163 0.004029668 0.002857152 0.001603874 0.001390019 0.005242433 0.00363806 0.001825318 0.00163674 0.005244208 0.002581183 0.002373305 0.005241002 0.002909198 0.005347214 0.08965044 0.0910544 0.09321845
1 rs3115849 762273 0 G A 0.172 0.01434452 0.0404282 0.04157566 -0.1212653 -0.03445403 -0.1366232 0.004957507 0.003538 0.003118039 0.002302996 0.001380524 0.001213106 0.004941634 0.003748699 0.002653176 0.001487863 0.001290086 0.004872599 0.003375192 0.001693064 0.001518718 0.004861376 0.002386056 0.002188735 0.004854505 0.002689747 0.004938544 0.05875245 0.05994623 0.06171937
1 rs145493205 762472 0 C T 0.918 -0.1216718 -0.1773339 -0.1123619 0.1270202 0.01524002 0.08412772 0.01374782 0.009802313 0.0086466 0.006406727 0.003831627 0.003371135 0.01369201 0.01039261 0.007377186 0.004128793 0.003580221 0.01351824 0.009370193 0.00469711 0.004208639 0.01352066 0.006631691 0.006111275 0.01347364 0.007476233 0.01375171 0.1785726 0.1801819 0.1828773
1 rs148989274 762485 0 C A 0.918 -0.08032477 -0.1244814 -0.1005335 0.1538706 0.01868652 0.1256564 0.0115426 0.008233953 0.007258389 0.005379012 0.003207124 0.002823624 0.01150582 0.008733038 0.006191571 0.003455778 0.003000184 0.01134565 0.007859324 0.003931967 0.003527864 0.01131894 0.005549789 0.005104531 0.01127859 0.006256968 0.01150091 0.08494368 0.08632296 0.08842006
1 rs71507461 762589 0 G C 0.182 0.03861536 0.07699173 0.09047606 -0.08128511 -0.007092758 -0.08732113 0.005265468 0.003756616 0.003310115 0.002449089 0.001464634 0.001288583 0.005246411 0.003978809 0.002820903 0.001578512 0.001370017 0.005170419 0.003587299 0.001796454 0.001613776 0.005171344 0.002536135 0.00233379 0.005152547 0.002858876 0.005253546 0.09140307 0.09279666 0.09494232
1 rs71507462 762592 0 C G 0.186 0.03503649 0.07052641 0.08694361 -0.08064775 -0.008963606 -0.09229861 0.005310906 0.003789317 0.003338968 0.002469302 0.001477991 0.001300119 0.00529178 0.004012747 0.002844111 0.001592892 0.001382169 0.00521482 0.003618055 0.001812865 0.001628491 0.00521727 0.00255903 0.002354707 0.005199359 0.00288465 0.00530042 0.1066923 0.108123 0.1103899
1 rs71507463 762601 0 T C 0.19 0.04424199 0.07344514 0.08012311 -0.0890694 -0.01683555 -0.1017952 0.005339248 0.003809186 0.003356931 0.002482631 0.001489396 0.001311015 0.005318192 0.004031338 0.002859667 0.001605356 0.001393471 0.00524274 0.003639812 0.001826915 0.001640725 0.005249785 0.002577092 0.002370368 0.005237451 0.002904956 0.005337556 0.09892176 0.100333 0.1025713
1 rs61768173 762632 0 T A 0.186 0.08521578 0.1177037 0.07950587 -0.09189499 0.0004176951 -0.07170977 0.005196271 0.003703864 0.003267174 0.002423113 0.00145086 0.001279512 0.005172779 0.003924197 0.002791066 0.001563316 0.001359371 0.005108526 0.003547168 0.001779099 0.001596711 0.005115217 0.002513308 0.00231252 0.00510462 0.002832948 0.005207224 0.05692151 0.05815432 0.05996675
1 rs7515915 764191 0 T G 0.865 -0.0481879 -0.07405553 -0.07345269 0.1047155 -0.006895687 0.07272067 0.005598723 0.003994269 0.003520186 0.002604928 0.001559297 0.001372394 0.005576663 0.004228525 0.002999585 0.001679398 0.001457152 0.005498941 0.003815515 0.001911286 0.001715329 0.005499558 0.002702574 0.002485644 0.005487916 0.003046202 0.005598535 0.08593367 0.08731637 0.08943853
1 rs61768174 766007 0 A C 0.89 -0.08622348 -0.109117 -0.09884454 0.0824849 -0.03040817 0.07282237 0.007266149 0.005182749 0.004568289 0.003383482 0.002023816 0.00178501 0.007240195 0.005490255 0.003895112 0.002179843 0.001894929 0.007141482 0.004955189 0.002481568 0.002229826 0.007152619 0.003513332 0.00323384 0.007129596 0.003959658 0.007275945 0.1375957 0.1390891 0.1415631
1 rs2977608 768253 0 A C 0.271 0.03170674 0.06135833 0.03859709 -0.08788891 -0.02418038 -0.006905163 0.004529253 0.003231957 0.002849618 0.002105696 0.001261612 0.001106602 0.004510827 0.0034215 0.00242501 0.00135981 0.00117403 0.00444864 0.003082022 0.00154669 0.001382688 0.004448028 0.002181833 0.002015372 0.004435801 0.00246191 0.004530368 0.3255582 0.326859 0.329509
1 chr1:769138:D 769138 0 C C 0.865 -0.04553704 -0.06753959 -0.06864824 0.1073842 -0.003296715 0.07373464 0.005676514 0.004049958 0.003569266 0.002639649 0.001583167 0.001393003 0.005653622 0.004285638 0.003039833 0.001705093 0.001478828 0.005574852 0.003869367 0.001940467 0.001741074 0.005579167 0.002743166 0.002523167 0.005571222 0.003092135 0.005683406 0.101815 0.1032719 0.1055441
1 rs60320384 769223 0 C G 0.871 -0.0542611 -0.07171484 -0.07024292 0.1037282 0.001695141 0.0743853 0.006040363 0.00430967 0.003798378 0.002810566 0.001683537 0.001481528 0.006018055 0.004563027 0.003235532 0.001813433 0.001572612 0.005933983 0.004116424 0.002063731 0.001851303 0.005936268 0.002916007 0.002683432 0.005923439 0.003287203 0.006042973 0.1418367 0.1434162 0.1459561
1 rs2977605 771823 0 T C 0.138 0.0452882 0.06170578 0.06385172 -0.1068865 0.001597708 -0.07799211 0.005547309 0.003958249 0.003488424 0.002580863 0.001544904 0.001359537 0.005527281 0.004191265 0.002970706 0.001663953 0.001442946 0.00544927 0.003779058 0.001893634 0.001698922 0.005447635 0.002676546 0.002461407 0.005436312 0.003017131 0.005544932 0.1111355 0.1125948 0.1149138
1 rs59066358 771967 0 G A 0.871 -0.03640437 -0.06028036 -0.05869646 0.1145598 0.001411094 0.0802893 0.006035729 0.004306912 0.003795918 0.002806631 0.001680265 0.001477569 0.006014311 0.004561382 0.003231603 0.001809819 0.001569001 0.005929669 0.004110024 0.002059613 0.001847101 0.005924471 0.002910452 0.002676736 0.005912171 0.003280962 0.00603048 0.1320426 0.1335823 0.1360204
1 rs2905039 772755 0 A C 0.137 0.0418112 0.05743707 0.0598669 -0.1132102 -0.002247008 -0.0779094 0.00547294 0.003905341 0.003441762 0.002545852 0.001524719 0.001341397 0.005453289 0.004135101 0.002930606 0.001642243 0.001423601 0.005376516 0.003728588 0.001868901 0.001676212 0.005373423 0.002640811 0.002428338 0.005364659 0.002977044 0.005471778 0.09964232 0.101068 0.1033013
1 rs28810152 774874 0 A C 0.338 0.03532233 0.04500733 0.05685507 -0.08366025 -0.04477486 -0.07249264 0.005120029 0.003654378 0.003220781 0.002378693 0.001430577 0.001256585 0.00510221 0.003867333 0.002738492 0.001540865 0.001333347 0.005029587 0.003488549 0.001753758 0.001570911 0.005037244 0.002471182 0.002278183 0.005025608 0.002786768 0.005128622 0.3436795 0.3447581 0.3472769
1 rs61768182 775181 0 A G 0.866 -0.04389668 -0.0681996 -0.06927961 0.1056166 -0.005528532 0.07127128 0.00564333 0.004026253 0.003548412 0.002623816 0.001573905 0.001384725 0.005619733 0.004259707 0.003021774 0.001695024 0.00147014 0.005541474 0.003846529 0.001929023 0.001730856 0.005546967 0.00272754 0.002508938 0.005538961 0.003074405 0.005650868 0.103655 0.1051015 0.1073638
1 chr1:775256:I 775256 0 T T 0.366 -0.03148291 -0.04226108 -0.04304953 -0.1751783 0.03094823 -0.009439641 0.004877542 0.003481255 0.003068318 0.002254146 0.001367445 0.001198589 0.004856011 0.003677274 0.002594562 0.001472947 0.001271397 0.004788073 0.003312713 0.001675951 0.001497667 0.004781708 0.002372631 0.002182787 0.004806121 0.002668146 0.004908901 0.0457575 0.0468029 0.04831149
-9 RS12124819 -9 0 A G 0.714 0.04168946 0.03497643 0.03385354 -0.04476496 -0.04185034 -0.01769645 0.002463095 0.001758644 0.001549992 0.001146011 0.0006886235 0.0006034273 0.002458199 0.001864489 0.001318265 0.0007412806 0.0006400691 0.00242296 0.001677695 0.0008433075 0.0007538234 0.002424035 0.001187616 0.001097243 0.002414483 0.001340218 0.002467226 0.5540591 0.5543704 0.5561601
1 rs2980319 777122 0 A T 0.12 0.03790944 0.03368938 0.06172518 -0.1187665 0.02662203 -0.09172607 0.006739685 0.004810802 0.004239087 0.003131711 0.001879242 0.001653846 0.006715699 0.005089964 0.00360309 0.00202415 0.001753255 0.006618997 0.004591711 0.002302835 0.002067271 0.00662384 0.003260669 0.002994946 0.006615481 0.003674455 0.006747348 0.09136485 0.09266769 0.09472853
1 rs1055606 778745 0 A G 0.888 -0.03556976 -0.03827448 -0.06352258 0.1295468 -0.02278982 0.09669658 0.007467843 0.005330211 0.004697084 0.003469433 0.002082371 0.001831841 0.007441029 0.005639985 0.00399281 0.002242815 0.001942977 0.007334466 0.005087695 0.002551896 0.002290559 0.007337599 0.003611975 0.00331765 0.00732977 0.004070495 0.007475553 0.09014869 0.09148549 0.09354673
1 rs4040617 779322 0 A G 0.884 -0.0360067 -0.04358289 -0.07052994 0.1235836 -0.02415041 0.0938188 0.007102444 0.005069069 0.004466655 0.003299265 0.001981629 0.001743459 0.007075418 0.005361886 0.00379784 0.002134058 0.001849414 0.006974177 0.004840632 0.002428032 0.002180318 0.006981736 0.003437573 0.003157643 0.006975332 0.003873897 0.007114267 0.07547144 0.07671467 0.07862517
1 rs2977612 780785 0 T A 0.159 0.07877044 0.03502942 0.04544039 -0.1371153 0.008650532 -0.0889849 0.006428067 0.004590248 0.004045447 0.002992017 0.001802921 0.001590204 0.006404384 0.00484875 0.003438059 0.001942131 0.001682119 0.006315527 0.004388857 0.002210065 0.001981738 0.006334094 0.003125737 0.002870873 0.006346376 0.00352293 0.006472378 0.06222357 0.06340841 0.06520948
1 rs61768199 781845 0 A G 0.916 -0.0746541 -0.08797758 -0.09744566 0.09901835 -0.04571642 0.1035762 0.01143066 0.008157349 0.007189068 0.005312162 0.003188576 0.002809486 0.01139252 0.008635669 0.006115433 0.003434345 0.002981198 0.01123357 0.007790571 0.003908555 0.003511049 0.0112575 0.005534736 0.005093169 0.01123004 0.006238698 0.01145869 0.2421378 0.2434126 0.245936
1 rs6594026 782981 0 C T 0.836 -0.06994496 -0.05670082 -0.07401191 0.1085737 -0.01176905 0.06924008 0.006830525 0.004874882 0.00429582 0.00317346 0.001916653 0.001687829 0.00679939 0.005146222 0.00365316 0.002064434 0.001789077 0.006705513 0.00466535 0.002349197 0.002107951 0.006740463 0.00332312 0.003057999 0.006747051 0.00374538 0.006884979 0.1394072 0.140855 0.1432976
1 rs6686696 783318 0 A G 0.893 -0.04518383 -0.05282367 -0.08179149 0.1139509 -0.01004208 0.1024335 0.008084612 0.005769759 0.005084124 0.003756184 0.002255845 0.001984927 0.008054629 0.006104087 0.004323646 0.002429628 0.002105899 0.00793886 0.005509758 0.002764747 0.002482743 0.007951716 0.003909855 0.003595267 0.007939217 0.004407204 0.00809622 0.1345115 0.1359505 0.1382976
1 rs2905062 785050 0 G A 0.16 0.06378626 0.0233807 0.04092932 -0.1307929 0.01584421 -0.05814656 0.006190319 0.004420608 0.003895675 0.002879695 0.001732111 0.001524836 0.00616707 0.004670516 0.003308777 0.001866056 0.001614732 0.006079771 0.004221661 0.00212322 0.001902816 0.006092553 0.003004612 0.00276312 0.006098106 0.003385415 0.006223932 0.09898001 0.100348 0.1025297
1 rs2980300 785989 0 T C 0.172 0.05296154 0.01719355 0.0370609 -0.1256117 0.01598581 -0.05616877 0.006212716 0.004436071 0.003909606 0.002886003 0.001741076 0.001531743 0.006185023 0.004681981 0.003318014 0.00187565 0.00162253 0.006098042 0.004237099 0.002134084 0.001912204 0.006120148 0.003019749 0.002777732 0.006128966 0.00340252 0.006255695 0.1458121 0.1472527 0.1497017
1 rs61768202 786995 0 G A 0.885 -0.03908291 -0.04689281 -0.07706572 0.1208048 -0.0243224 0.1009883 0.007548518 0.00538716 0.004746933 0.003504955 0.002109266 0.001856139 0.007517892 0.005695121 0.004035493 0.002271614 0.001968995 0.007410611 0.005147205 0.002584505 0.00232163 0.007428315 0.003658807 0.003361224 0.007424804 0.004123552 0.007571765 0.08027956 0.08152639 0.08347505
1 rs12077234 787121 0 T A 0.862 -0.09000866 -0.05745351 -0.08585252 0.1316573 -0.01754214 0.06726856 0.007862748 0.005612628 0.004944212 0.003658444 0.002204993 0.001942866 0.007832678 0.005929065 0.00420763 0.002375166 0.002057828 0.007722386 0.005373456 0.00270245 0.002425219 0.007755041 0.003825142 0.003518918 0.007764317 0.004310428 0.007924273 0.05982972 0.06102396 0.06282234
1 rs2519065 787151 0 G A 0.836 -0.05553121 -0.05075426 -0.03805811 0.1326083 0.01371361 0.1407282 0.007638191 0.005451456 0.004806603 0.003547323 0.002142257 0.001887503 0.007604772 0.005759353 0.004084193 0.002307118 0.002001176 0.007502443 0.00520936 0.002625232 0.002354005 0.00752619 0.003707607 0.003403975 0.007534747 0.0041796 0.007673243 0.1450107 0.1464468 0.1489087
1 rs56108613 787262 0 C G 0.123 0.01455165 0.02017288 0.05401932 -0.1118314 0.01658036 -0.09843071 0.007014385 0.00500695 0.004412844 0.003255506 0.001955821 0.001718137 0.006987463 0.005295935 0.003746823 0.00210636 0.001822706 0.006886148 0.004775238 0.002396506 0.002150137 0.006893711 0.003390486 0.003115956 0.006882492 0.003821506 0.007018165 0.1702261 0.1716115 0.174009
1 rs2905055 787399 0 G T 0.178 0.07005281 0.04404522 0.03369054 -0.1372917 0.01467028 -0.07741865 0.006470357 0.00461877 0.004072486 0.003007682 0.00181745 0.001601583 0.006439941 0.004873334 0.003459723 0.001957925 0.001696508 0.006352257 0.004416839 0.002228399 0.001996832 0.006380894 0.003152425 0.002896382 0.006398636 0.003552412 0.006527975 0.09959453 0.1009391 0.1031155
1 rs3863622 787606 0 G T 0.884 -0.0244004 -0.04263643 -0.07384856 0.1267006 -0.01692 0.09675836 0.007510155 0.00535972 0.00472307 0.003485977 0.002096555 0.00184284 0.00747947 0.005667236 0.004014511 0.002257655 0.001955856 0.007372124 0.005118324 0.002568765 0.002306207 0.007383343 0.003634896 0.003339918 0.007378293 0.004096674 0.007524834 0.08137029 0.08263226 0.08456625
1 rs2905054 787685 0 G T 0.195 0.06295821 0.04024864 0.05028997 -0.1196229 0.00321135 -0.05348622 0.006336577 0.004523177 0.003986847 0.00294369 0.001779091 0.001564936 0.006306004 0.004771701 0.003386963 0.001916217 0.001658651 0.006218285 0.004325548 0.002180651 0.00195395 0.006249808 0.003082691 0.002838181 0.006260774 0.003474741 0.006390343 0.1680299 0.1694876 0.1720533
1 rs2905053 787844 0 C T 0.155 0.06358119 0.02684883 0.05278586 -0.1222138 0.03196665 -0.04944179 0.006518914 0.004654798 0.004101388 0.003031456 0.001822693 0.001604676 0.006494192 0.004918144 0.003484348 0.001964232 0.001700004 0.00640132 0.004446192 0.002234413 0.002003546 0.006418466 0.003165387 0.002911378 0.006419808 0.003565122 0.006554307 0.1017342 0.1031182 0.1053216
1 chr1:789513:D 789513 0 G G 0.888 -0.03110042 -0.04762899 -0.07840196 0.1352539 -0.03630976 0.07914703 0.008136589 0.00580683 0.005116578 0.003778169 0.002270393 0.001996308 0.008105392 0.00614232 0.004350484 0.0024446 0.002117769 0.007989425 0.005545896 0.002781025 0.002496288 0.007997792 0.003940342 0.003620857 0.007991553 0.004438965 0.00815556 0.06436545 0.06552809 0.06727862
1 rs61768207 790465 0 G A 0.905 -0.01506024 -0.06858692 -0.08544825 0.124197 0.001560424 0.08272162 0.01054823 0.007528016 0.006634735 0.004894422 0.002942781 0.002583875 0.01050567 0.007963105 0.005639957 0.003169464 0.002744374 0.01035812 0.007184333 0.003606927 0.003233056 0.01037276 0.005097475 0.004694376 0.0103546 0.005746367 0.0105666 0.2389621 0.2402663 0.2427189
1 chr1:790758:D 790758 0 G G 0.161 0.06187985 0.02214839 0.05056622 -0.1224135 0.02601621 -0.04734891 0.006597396 0.0047111 0.004151064 0.00306724 0.001845504 0.001624071 0.006571728 0.004976554 0.003525343 0.001988675 0.001720543 0.00647778 0.004499486 0.002262301 0.00202786 0.006496511 0.003203348 0.00294741 0.006498882 0.003608424 0.006634896 0.1205878 0.1220028 0.1243191
1 rs111818025 791191 0 G A 0.886 -0.03248978 -0.04727584 -0.0851822 0.1226264 -0.03528467 0.08513346 0.008081848 0.005767832 0.005082062 0.00375276 0.002254758 0.001982843 0.008050948 0.006100811 0.004320774 0.00242787 0.002103628 0.007934335 0.005508389 0.002761745 0.002480486 0.007946818 0.003912671 0.003596133 0.007936714 0.004408628 0.008098419 0.07615757 0.07738309 0.07925875
1 rs6684487 791853 0 G A 0.937 0.2609694 0.173173 0.06897711 0.1125734 0.1326894 -0.1402985 0.02570828 0.01835913 0.01620699 0.01194379 0.007124773 0.006325777 0.02571607 0.01953772 0.01375422 0.007693286 0.006697622 0.02537866 0.01751413 0.00877495 0.007870057 0.02533641 0.01239719 0.01147617 0.02520216 0.01401706 0.02573425 0.3198409 0.321036 0.3236514
1 rs59380221 795988 0 C T 0.795 -0.02903861 -0.04221776 -0.03382574 0.1063465 0.05181913 0.1003844 0.006887485 0.004916325 0.004333807 0.003198744 0.001923043 0.001689135 0.006864831 0.005205824 0.003683231 0.002071327 0.001792491 0.006770425 0.004689338 0.002356382 0.002109715 0.006772285 0.003322428 0.00306069 0.006757843 0.003746407 0.006893109 0.4605521 0.4612997 0.463493
1 rs12083781 796375 0 T C 0.869 -0.05221272 -0.07876565 -0.07873019 0.07665146 -0.001287825 0.0756598 0.007109014 0.00507284 0.004470884 0.003307455 0.001975951 0.001738123 0.007088101 0.005378278 0.003806619 0.002128339 0.00184527 0.006987599 0.004838422 0.002422124 0.002172486 0.006983603 0.003423108 0.003153218 0.006952816 0.003858716 0.00709395 0.3480247 0.3491801 0.3517865
1 rs75932129 796767 0 G A 0.318 -0.06066423 -0.02357127 -0.007471279 -0.1552747 -0.03322926 -0.04971285 0.005136222 0.00366837 0.003233237 0.002378701 0.001420522 0.001245493 0.005127354 0.003893498 0.002742666 0.001531853 0.001323408 0.005052631 0.003485484 0.001744085 0.001559967 0.00501452 0.002459323 0.00226709 0.005005924 0.002777021 0.00511053 0.1276955 0.1292561 0.1315333
1 rs58013264 797440 0 T C 0.866 -0.005482179 -0.04247835 -0.04366904 0.1074787 -0.04233116 0.04855302 0.006967287 0.004973161 0.004383224 0.003232238 0.001942219 0.001704957 0.00694135 0.005262767 0.00372485 0.002090208 0.001810291 0.006844131 0.004742472 0.002378936 0.002132057 0.006847051 0.00336987 0.003100479 0.00683317 0.003795498 0.006977368 0.2478794 0.2493559 0.252058
1 rs10900604 798400 0 A G 0.743 -0.001477684 -0.0195073 -0.03860835 0.09097066 0.03227197 -0.02825443 0.005623327 0.00401483 0.003538961 0.002611149 0.001562694 0.001371329 0.00560549 0.004251885 0.003005335 0.001684105 0.001454224 0.005523153 0.003823134 0.001917195 0.001712513 0.005518042 0.002704 0.002501698 0.005497923 0.003052792 0.005614686 0.3803337 0.3813946 0.3838018
1 rs11240777 798959 0 G A 0.739 -0.01542114 -0.0342786 -0.04459948 0.09401193 0.03281156 -0.007913599 0.005296755 0.003781341 0.003332825 0.002462331 0.001470148 0.001289586 0.00528118 0.004007396 0.002833509 0.00158464 0.001367921 0.00520365 0.003600811 0.001803641 0.001611296 0.005192337 0.002542695 0.002350958 0.005170521 0.002870412 0.00528118 0.3360316 0.3373138 0.3399345
1 rs143609865 800193 0 A T 0.955 -0.02456922 -0.06602844 -0.1034545 0.1179785 -0.02160876 0.06224348 0.02510248 0.01791849 0.01579353 0.01163369 0.00702828 0.006170018 0.02501058 0.01894875 0.01340525 0.007569684 0.006546483 0.0246644 0.01710745 0.008613978 0.007712984 0.02476001 0.012179 0.01123153 0.02473246 0.01372753 0.02525278 0.7131344 0.7130724 0.7140404
1 rs145665953 800970 0 G C 0.941 -0.02473958 0.08177909 -0.08651859 -0.1200448 -0.1709582 -0.2476856 0.02269888 0.01621033 0.01428363 0.01054223 0.006299149 0.005524998 0.02266077 0.01721892 0.01214168 0.006803892 0.005890014 0.02233389 0.01540964 0.007709972 0.006889371 0.02228956 0.01089768 0.0100476 0.02214945 0.01226415 0.02258475 0.4729804 0.4735001 0.4755413
1 rs61768212 801467 0 G C 0.859 -0.02255041 -0.06094685 -0.07031488 0.08987631 -0.03430439 0.06608259 0.00666982 0.00475994 0.004194902 0.003097491 0.001856708 0.001631655 0.006645652 0.005039462 0.003568293 0.001998435 0.001733312 0.00655157 0.004541234 0.002274237 0.002041635 0.006554719 0.003221146 0.002963815 0.006534904 0.003629828 0.00666994 0.2006474 0.2021748 0.2048427
1 rs79373928 801536 0 T G 0.985 0.1766246 -0.01669308 -0.06771103 -0.1871695 0.1397735 0.3153181 0.0738364 0.05273837 0.0465043 0.03427197 0.02063409 0.0180695 0.07360471 0.05578034 0.03941802 0.02225167 0.01923638 0.07258474 0.0502641 0.02533073 0.02267682 0.07282276 0.03581793 0.03309903 0.0726779 0.04029833 0.074132 0.6100009 0.6100665 0.6115602
1 rs7553084 801995 0 G A 0.65 -0.004002394 -0.03530076 -0.06137523 0.09562674 0.03834881 0.04657799 0.005347606 0.003817742 0.003364775 0.002483184 0.001487975 0.001306131 0.00533366 0.004045786 0.002859301 0.001604518 0.001385959 0.00525492 0.003639835 0.001826921 0.001633475 0.005249958 0.002573585 0.002374468 0.005234054 0.002903703 0.005344222 0.2399267 0.2410238 0.2434179
1 rs7553096 802026 0 G A 0.742 -0.02170694 -0.0657173 -0.101071 0.05788106 0.01205022 0.03824308 0.005503898 0.003928145 0.00346102 0.002559763 0.001525713 0.001339589 0.005488666 0.004164489 0.002945673 0.001644634 0.001422307 0.005403266 0.003742524 0.001872029 0.001676379 0.005398745 0.002641936 0.002436875 0.005367699 0.002978506 0.005480001 0.2194564 0.2207989 0.2233516
1 rs10157494 802496 0 C T 0.865 -0.02060544 -0.05504079 -0.07374396 0.07910465 -0.01403441 0.08808259 0.007117321 0.005080015 0.004476881 0.003306582 0.001978627 0.001738537 0.007095878 0.005383125 0.003807293 0.002130614 0.001846964 0.006993618 0.004842928 0.002424523 0.002176456 0.006991035 0.003429299 0.003156777 0.006963061 0.003865746 0.007102435 0.2988391 0.3000807 0.3026669
1 rs145942548 804269 0 G C 0.987 -0.07866166 -0.05654752 -0.3329665 -0.08872098 -0.6225634 0.02745996 0.0922987 0.06588583 0.05805711 0.04273768 0.02583341 0.02271401 0.09196003 0.06963852 0.04924016 0.02784293 0.02410084 0.09059107 0.06284911 0.03150479 0.02839958 0.09116569 0.04478301 0.04139162 0.09066656 0.05056755 0.0930131 0.1492544 0.1506362 0.1530766
1 rs139794146 804306 0 A G 0.982 -0.1794088 -0.01157989 -0.2586491 -0.08341445 -0.6332599 -0.04545439 0.06240872 0.04457493 0.03924938 0.02890621 0.01737719 0.01534601 0.06219594 0.04710537 0.03331309 0.01883977 0.01628867 0.06126646 0.04250006 0.02127009 0.01917498 0.0616448 0.03025727 0.02797564 0.06113883 0.03413909 0.06287317 0.05118393 0.05226943 0.05390475
1 rs7526310 804759 0 C T 0.867 -0.01208857 -0.04596445 -0.07250965 0.124118 -0.03851275 0.06944492 0.007369137 0.005260097 0.00463543 0.003421661 0.002050965 0.001800989 0.007346133 0.005571429 0.003941919 0.002207321 0.001912981 0.007240078 0.00501848 0.002511068 0.002254792 0.007232698 0.003558773 0.00327081 0.007216529 0.004008733 0.007365853 0.07629946 0.07762743 0.07960458
1 rs61768215 807997 0 G A 0.895 0.01359834 -0.06639439 -0.05905367 0.1760298 0.06873054 0.1028165 0.01005931 0.007181202 0.006328911 0.004665913 0.002799364 0.002455907 0.01002406 0.007604039 0.005384491 0.003021095 0.002613911 0.00988519 0.006848109 0.003436875 0.003076987 0.009862819 0.004838082 0.004458293 0.00984874 0.005460975 0.0100512 0.1060025 0.1074759 0.1097116
1 rs4951933 808223 0 G C 0.33 -0.01555315 0.03261098 0.0658439 -0.07802555 -0.04527334 0.05365011 0.005036249 0.003595847 0.003170061 0.002335366 0.001403369 0.001233139 0.005017215 0.003802522 0.002690998 0.001513479 0.001304639 0.004942744 0.003428811 0.001723673 0.001535111 0.004951959 0.002428362 0.002249551 0.004937922 0.002744247 0.00504169 0.1056859 0.1069844 0.1090595
1 rs11240779 808631 0 G A 0.288 -0.02059623 0.01355479 0.0327603 -0.1094246 -0.03858851 0.008091539 0.005121617 0.003657297 0.00322405 0.002376022 0.001422551 0.001249311 0.005107464 0.00387498 0.002737381 0.00153358 0.001324746 0.005032914 0.003482749 0.001745907 0.001560283 0.005021125 0.00246117 0.002276952 0.005006737 0.00277982 0.005114376 0.2227851 0.2241504 0.226675
1 rs11240780 808928 0 C T 0.36 -0.06942548 -0.0248003 0.008432763 -0.1264506 -0.05399095 0.01979537 0.004938452 0.003528476 0.003111905 0.002289581 0.001363479 0.001201553 0.004935065 0.00374962 0.002638976 0.001471295 0.001273296 0.004862605 0.003354204 0.001676395 0.001499012 0.004829089 0.002361421 0.002189186 0.004808135 0.002671269 0.004912785 0.1090358 0.1103657 0.1124808
1 rs28410559 810286 0 G A 0.825 -0.02428687 -0.02198843 -0.06593514 0.0986152 0.01496328 0.03918305 0.006596985 0.004709518 0.004149872 0.003063919 0.001838539 0.001614016 0.00657612 0.004986194 0.003525514 0.001979912 0.001711774 0.006479673 0.004492296 0.002253749 0.002018023 0.006482877 0.003182569 0.002934946 0.006467413 0.003588729 0.006603023 0.2902015 0.29146 0.2940005
1 rs58686784 810780 0 G C 0.887 0.01871374 -0.05250912 -0.06466895 0.1514992 0.05916548 0.09360384 0.00915913 0.006539364 0.005763948 0.004246579 0.002550922 0.002237764 0.009127336 0.006921352 0.004899351 0.002752421 0.002380802 0.008998764 0.00623761 0.003132678 0.002804792 0.008990645 0.004411514 0.004065678 0.008976761 0.004977968 0.009161351 0.1438069 0.1452586 0.1476528
1 rs114224245 811136 0 G C 0.979 -0.1629908 0.01928907 -0.2020556 -0.08107405 -0.5908472 -0.07229359 0.05648543 0.04034681 0.03553175 0.02615528 0.01574517 0.01389385 0.05627852 0.04262113 0.03014742 0.0170824 0.01475415 0.05545916 0.03847384 0.01929594 0.01736218 0.05581156 0.02740327 0.0253345 0.05538835 0.03090169 0.05694032 0.07800627 0.07924743 0.08121447
1 rs6605064 812743 0 C T 0.856 -0.01025652 -0.03314374 -0.09997127 0.0825469 -0.01803081 0.04793421 0.00771806 0.005509403 0.004854804 0.00358187 0.002150856 0.001888126 0.007693565 0.005832891 0.004124525 0.002315552 0.002003413 0.00757756 0.005256718 0.002633803 0.002362985 0.007589946 0.003727652 0.003435037 0.007567947 0.004201117 0.007726162 0.190414 0.191735 0.1941464
1 rs4246499 813640 0 A G 0.163 0.005131686 0.0290777 0.07204037 -0.1006096 0.01245365 -0.0387479 0.006886339 0.004915508 0.004332141 0.003194315 0.0019211 0.001685992 0.006861098 0.005200235 0.00367944 0.002068666 0.001789543 0.006760867 0.004690962 0.002353622 0.002109599 0.006771317 0.003329332 0.003067635 0.006759684 0.003752042 0.006901447 0.2113363 0.2127507 0.2152807
1 rs4970388 813747 0 G A 0.154 0.02625238 0.04441126 0.0730171 -0.1233479 -0.02443862 -0.05458483 0.007349274 0.005245349 0.004622347 0.003411675 0.00205298 0.001802381 0.007321934 0.005548664 0.003929515 0.002211423 0.001913042 0.00721685 0.005009912 0.002517211 0.002254711 0.007226248 0.003551873 0.00327426 0.007220617 0.004006153 0.007371038 0.167489 0.1689764 0.1715227
1 rs4285652 814230 0 T A 0.8 0.003117304 -0.07386172 -0.07888489 0.08873826 0.06274436 0.02924772 0.008482285 0.006055626 0.005338027 0.003935008 0.00236459 0.002075068 0.008450744 0.006406112 0.004535649 0.002551704 0.002203054 0.008328806 0.005774681 0.002903467 0.002594816 0.008343115 0.004090456 0.003778376 0.00831654 0.004615816 0.008496143 0.3723108 0.3732687 0.37588
1 rs190575917 821765 0 C T 0.961 0.08927664 0.1041365 0.09239082 0.1314339 0.01698318 -0.0927368 0.02134364 0.01523433 0.01342893 0.009879274 0.005974021 0.005251744 0.02125046 0.01609184 0.01137646 0.006433937 0.005572338 0.02095118 0.01451803 0.00732269 0.006561535 0.02104775 0.01034991 0.009568253 0.02102887 0.01167228 0.02146543 0.8846186 0.8844514 0.8847162
1 rs7538305 824398 0 A C 0.831 -0.0514435 -0.1154776 -0.1498353 0.0331769 0.03530659 -0.03167121 0.009306178 0.006639435 0.005850678 0.004314961 0.002608511 0.002285476 0.009257913 0.007006267 0.004973522 0.002812847 0.002422465 0.00912149 0.00634598 0.003201807 0.002853117 0.009186598 0.004514074 0.004168839 0.009169976 0.005091023 0.00936454 0.2862035 0.2875748 0.2904373
1 rs13303117 828166 0 A G 0.716 -0.0134404 0.05917398 0.07527623 0.08332178 0.008556385 0.07596418 0.005419031 0.00387002 0.003412204 0.002512626 0.00151641 0.001331622 0.005395131 0.004085683 0.002886383 0.001632114 0.001406421 0.005317456 0.003681719 0.001857345 0.00165627 0.005338667 0.002625761 0.002417615 0.005335151 0.002960198 0.005442043 0.6686464 0.6686828 0.6699664
1 rs28444699 830181 0 A G 0.325 -0.002784653 -0.0671272 -0.08387618 -0.08967111 -0.006786141 -0.0802094 0.005147762 0.003675126 0.003240055 0.002384651 0.001441578 0.001264789 0.005122642 0.003878074 0.002740209 0.001551957 0.001336285 0.005048945 0.003496825 0.001766123 0.001573638 0.005072238 0.00249658 0.002297392 0.005072505 0.002814535 0.005173088 0.640129 0.6401942 0.6415223
1 rs4970385 831489 0 C T 0.308 0.01022798 -0.03623149 -0.074429 -0.1294164 -0.01263122 -0.01543356 0.004434687 0.003166251 0.00279242 0.002053553 0.001246663 0.001094057 0.004410348 0.003335412 0.002359834 0.001341901 0.001159818 0.004345802 0.003012407 0.001526709 0.001365674 0.004368224 0.002157617 0.00199114 0.004386213 0.002434108 0.004479058 0.4039795 0.4047107 0.4069141
1 rs9697642 831909 0 C T 0.293 0.01552236 -0.05071037 -0.08998976 -0.1231849 -0.01544634 -0.02256106 0.004619064 0.003298593 0.002909373 0.002140698 0.001296404 0.001137804 0.00459398 0.003474829 0.002457334 0.001394879 0.001205392 0.004525154 0.003135055 0.001586912 0.001419132 0.004548099 0.002243236 0.002069618 0.004560624 0.002530783 0.004656959 0.4166976 0.4173542 0.4194582
1 rs9697378 832060 0 G A 0.297 0.0002015885 -0.06117414 -0.08261403 -0.1250023 -0.01934348 -0.03925349 0.004650205 0.003319827 0.002927301 0.002153509 0.00130377 0.001144186 0.004624324 0.00349877 0.002472554 0.001402654 0.001211236 0.004557165 0.00315613 0.001596058 0.00142629 0.004576262 0.002255931 0.002079621 0.004587491 0.002545331 0.004683432 0.5130267 0.5133812 0.5151725
1 rs9697380 832066 0 G C 0.304 0.004225265 -0.0608994 -0.090663 -0.124946 -0.02483714 -0.03445369 0.004692855 0.003350478 0.002954446 0.002173364 0.001316754 0.001155583 0.004666519 0.003529852 0.00249517 0.001416129 0.001223426 0.004597727 0.003184877 0.001611079 0.001440421 0.004620116 0.00227747 0.00210078 0.00463245 0.002570323 0.004729992 0.4936132 0.4940206 0.4958656
1 rs9697725 832112 0 T C 0.33 0.01491488 -0.05536054 -0.096972 -0.1068755 -0.03449428 -0.01765689 0.004737899 0.003383198 0.002983713 0.002195581 0.001329636 0.001166566 0.004713018 0.003565245 0.002521228 0.001428912 0.001236071 0.004641958 0.00321656 0.001624913 0.001455433 0.004668644 0.002298303 0.002123154 0.004675382 0.002594758 0.004775407 0.5228437 0.5231455 0.5248336
