chr rs ps n_miss allele1 allele0 af beta_1 beta_2 beta_3 beta_4 beta_5 beta_6 Vbeta_1_1 Vbeta_1_2 Vbeta_1_3 Vbeta_1_4 Vbeta_1_5 Vbeta_1_6 Vbeta_2_2 Vbeta_2_3 Vbeta_2_4 Vbeta_2_5 Vbeta_2_6 Vbeta_3_3 Vbeta_3_4 Vbeta_3_5 Vbeta_3_6 Vbeta_4_4 Vbeta_4_5 Vbeta_4_6 Vbeta_5_5 Vbeta_5_6 Vbeta_6_6 p_score
1 rs3115860 753405 0 C A 0.13 0.0009622974 0.03818174 0.03611588 0.01724783 0.1029853 0.05976766 0.0005350441 0.0005075608 0.0004101574 0.0003131588 0.0002369146 0.0002889327 0.001349524 0.001063457 0.0006879305 0.0005703085 0.0006387461 0.00215635 0.001285346 0.0007496227 0.0007910005 0.002232149 0.0009962165 0.0007269379 0.002589831 0.001144256 0.002018246 0.4885485
1 rs2073814 753474 0 C G 0.207 -0.01302731 0.0166224 0.02211918 0.01898887 0.127121 0.06571828 0.0005962159 0.0005655906 0.0004570518 0.0003489624 0.0002640011 0.0003219666 0.001503815 0.001185041 0.000766582 0.0006355147 0.0007117747 0.002384505 0.001432298 0.0008443254 0.0008833872 0.002487351 0.001110113 0.0008100491 0.002855999 0.001270653 0.002247765 0.2915226
1 rs2073813 753541 0 G A 0.839 0.002864304 -0.02238236 -0.03038005 -0.01483031 -0.0979951 -0.05991179 0.0006202804 0.0005884191 0.0004754994 0.0003630473 0.0002746567 0.0003349618 0.001564512 0.001232872 0.0007975229 0.0006611653 0.0007405034 0.002481622 0.001490109 0.0008780286 0.0009189567 0.002587746 0.001154919 0.0008427444 0.00297273 0.001322152 0.00233855 0.6582236
1 rs3131969 754182 0 A G 0.162 -0.003292284 0.02113275 0.03119135 0.01418879 0.09858993 0.06284206 0.0006147682 0.00058319 0.0004712737 0.0003598211 0.000272216 0.0003319852 0.001550609 0.001221916 0.0007904356 0.0006552896 0.0007339228 0.002461262 0.001476867 0.0008693354 0.000910602 0.00256475 0.001144656 0.0008352553 0.002949027 0.001310806 0.002317875 0.6331319
1 rs3131968 754192 0 A G 0.163 -0.002994019 0.02156058 0.03123165 0.0137093 0.09804671 0.06251114 0.0006123624 0.0005809077 0.0004694294 0.0003584129 0.0002711506 0.0003306859 0.001544541 0.001217134 0.0007873423 0.0006527251 0.0007310506 0.002451698 0.001471087 0.0008658814 0.0009070285 0.002554712 0.001140177 0.0008319865 0.002937586 0.001305691 0.002308806 0.636306
1 rs3131967 754334 0 T C 0.191 0.01155551 0.04241678 0.04414105 0.02032489 0.1149161 0.08358924 0.0006097144 0.0005783958 0.0004673996 0.0003568631 0.0002699781 0.000329256 0.001537862 0.001211871 0.0007839377 0.0006499029 0.0007278895 0.002439361 0.001464726 0.0008636072 0.0009033776 0.002543666 0.001135246 0.0008283889 0.002922479 0.001299671 0.002298773 0.4349566
1 rs3115859 754503 0 G A 0.18 -0.006424366 0.02684451 0.041121 0.01448591 0.1124506 0.06810048 0.0006195363 0.0005877131 0.000474929 0.0003626118 0.0002743272 0.00033456 0.001562635 0.001231392 0.0007965661 0.0006603723 0.000739615 0.002477272 0.001488321 0.0008775469 0.000917986 0.002584641 0.001153534 0.0008417334 0.002966861 0.001320228 0.002335643 0.4302493
1 rs3131966 754964 0 C T 0.212 0.005280424 0.04388963 0.05232325 0.01729047 0.1254071 0.08876539 0.0006316175 0.0005991738 0.0004841904 0.0003696829 0.0002796766 0.000341084 0.001593107 0.001255405 0.0008120995 0.0006732501 0.0007540379 0.002523901 0.001517344 0.0008961028 0.0009361523 0.002635043 0.001176028 0.0008581475 0.003022407 0.001345613 0.002381143 0.2996792
1 rs3131965 755775 0 A G 0.203 0.001772907 0.04993124 0.08298816 0.06373602 0.1289223 0.04968502 0.0006073685 0.0005761702 0.0004656003 0.0003554899 0.0002689394 0.0003279891 0.001531945 0.001207209 0.0007809212 0.0006473995 0.0007250883 0.002449543 0.001459092 0.0008494926 0.0008976561 0.002533879 0.00113088 0.0008252014 0.002942269 0.001299301 0.00229112 0.2653706
1 rs3115858 755890 0 A T 0.136 0.0006510285 0.03280917 0.04458204 0.01770276 0.1028911 0.05964064 0.0005948508 0.0005642955 0.0004560046 0.0003481634 0.0002633966 0.0003212294 0.001500372 0.001182329 0.0007648267 0.0006340575 0.0007101446 0.002394751 0.00142902 0.0008347451 0.0008797036 0.002481656 0.001107572 0.0008081943 0.00287506 0.001271529 0.002243676 0.5650223
1 rs3131962 756604 0 A G 0.158 0.005770391 0.04860539 0.05278756 0.03570732 0.1137129 0.08805954 0.0005990537 0.0005682825 0.0004592262 0.0003506233 0.0002652577 0.000323499 0.001510973 0.001190683 0.0007702305 0.0006385366 0.0007151619 0.002416706 0.001439117 0.0008379989 0.0008853592 0.00249919 0.001115398 0.0008139045 0.002903449 0.001281712 0.002259843 0.4016637
1 rs6699990 756912 0 A G 0.968 -0.01729281 -0.01759703 0.01299806 -0.06753836 0.2269765 0.07593647 0.003493586 0.003314133 0.002678132 0.002044779 0.001546941 0.001886595 0.008811753 0.006943877 0.004491861 0.003723837 0.004170709 0.01414329 0.008392703 0.004848658 0.005156022 0.01457488 0.006504826 0.004746561 0.01700328 0.007485605 0.01318072 0.4825735
1 rs3115853 757640 0 G A 0.166 -0.005406128 0.01821867 0.0282139 0.0163941 0.09845041 0.05700669 0.0006077017 0.0005764865 0.0004658567 0.0003556851 0.0002690869 0.0003281691 0.001532786 0.00120787 0.0007813499 0.0006477575 0.0007254867 0.002431246 0.001459891 0.0008601564 0.0009003138 0.002535269 0.001131499 0.0008256543 0.002912302 0.001295321 0.002291114 0.6480503
1 rs4951929 757734 0 C T 0.124 -0.0008639283 0.03230213 0.03987109 0.02501131 0.1057209 0.05991999 0.0005887332 0.0005584921 0.0004513149 0.0003445828 0.0002606878 0.0003179258 0.001484942 0.001170169 0.000756961 0.0006275365 0.0007028412 0.002371111 0.001414324 0.0008254521 0.0008705199 0.002456134 0.001096182 0.0007998826 0.002846948 0.001258674 0.002220642 0.5644861
1 rs4951862 757936 0 C A 0.125 -0.0008607014 0.03229339 0.03989641 0.02521102 0.1058227 0.06024799 0.0005890255 0.0005587694 0.0004515389 0.0003447539 0.0002608172 0.0003180836 0.001485679 0.00117075 0.0007573368 0.000627848 0.0007031902 0.002372261 0.001415026 0.0008258745 0.0008709549 0.002457353 0.001096726 0.0008002797 0.002848316 0.001259292 0.002221742 0.5638309
1 rs3131956 758144 0 A G 0.138 -0.001035438 0.03574386 0.04395049 0.02200439 0.111284 0.0695126 0.0005913757 0.0005609989 0.0004533407 0.0003461294 0.0002618579 0.0003193528 0.001491607 0.001175421 0.0007603586 0.0006303534 0.000705996 0.002379668 0.001420672 0.0008300128 0.0008746256 0.002467158 0.001101102 0.0008034729 0.002856219 0.00126381 0.002230454 0.4550611
1 rs3131954 758626 0 C T 0.125 -0.001115532 0.03194325 0.03899484 0.02654634 0.1057116 0.06087371 0.0006005321 0.000569685 0.0004603597 0.0003514886 0.0002659123 0.0003242974 0.001514702 0.001193621 0.0007721314 0.000640113 0.000716927 0.002419012 0.001442668 0.0008417967 0.000887924 0.002505358 0.001118151 0.0008159132 0.002904616 0.00128399 0.00226517 0.5806905
1 rs137919983 759700 0 T C 0.176 -0.008318233 0.02127345 0.03843202 0.01748384 0.1016804 0.04909941 0.000616621 0.0005849474 0.0004726931 0.0003609053 0.0002730363 0.0003329856 0.001555282 0.001225599 0.0007928175 0.000657262 0.0007361341 0.002485477 0.001481319 0.000863854 0.000911581 0.002572479 0.001148107 0.0008377723 0.002985347 0.001318812 0.002326003 0.5855438
1 rs114111569 759837 0 T A 0.122 -0.001877734 0.03251786 0.03902668 0.02585603 0.1079153 0.06240335 0.0006077595 0.0005765412 0.0004659003 0.0003557188 0.0002691125 0.0003282003 0.001532931 0.001207986 0.000781424 0.000647817 0.0007255553 0.002446404 0.001460031 0.0008530514 0.0008988323 0.00253551 0.001131608 0.0008257328 0.002936962 0.001299049 0.002292346 0.5521111
1 rs1048488 760912 0 C T 0.18 0.001917385 0.03735725 0.05250085 0.01709219 0.1349363 0.08892069 0.000599765 0.0005689574 0.0004597722 0.0003510397 0.0002655726 0.0003238832 0.001512767 0.001192096 0.0007711453 0.0006392968 0.0007160115 0.002405737 0.001440825 0.0008459154 0.0008879004 0.002502158 0.001116722 0.0008148711 0.002884464 0.001279913 0.00226162 0.2058892
1 rs3115850 761147 0 T C 0.177 -0.007040182 0.03047438 0.05210031 0.01543177 0.1312562 0.07738234 0.0006060106 0.0005748822 0.0004645602 0.0003546952 0.0002683381 0.0003272559 0.00152852 0.001204509 0.0007791755 0.0006459545 0.0007234677 0.002427006 0.001455828 0.0008565941 0.0008975503 0.002528213 0.00112835 0.0008233566 0.002908355 0.001292331 0.002284919 0.2127875
1 rs2286139 761732 0 C T 0.203 0.007353018 0.05087681 0.02062377 0.003245279 0.09572629 0.07591114 0.0006340082 0.0006014417 0.0004860231 0.0003710821 0.0002807353 0.0003423751 0.001599137 0.001260157 0.0008151734 0.0006757985 0.000756892 0.002532242 0.001523087 0.0008995264 0.0009397457 0.002645016 0.001180479 0.0008613957 0.003031489 0.001350374 0.002390013 0.4613426
1 rs1057213 761752 0 C T 0.129 -0.00367396 0.03335021 0.04256047 0.02890369 0.1101993 0.0636164 0.0006202436 0.000588384 0.0004754704 0.0003630257 0.0002746404 0.0003349419 0.00156442 0.001232799 0.0007974754 0.0006611241 0.0007404591 0.002495674 0.001490021 0.0008709451 0.0009173842 0.002587592 0.001154852 0.0008426943 0.002995619 0.001325489 0.002339357 0.5224522
1 rs3115849 762273 0 G A 0.16 -0.003515411 0.02380574 0.01703668 0.01516311 0.07192004 0.03033075 0.0005801236 0.000550325 0.000444716 0.0003395438 0.0002568755 0.0003132765 0.001463226 0.001153055 0.0007458916 0.0006183625 0.0006925636 0.002314676 0.001393639 0.000824881 0.0008602176 0.002420216 0.00108015 0.0007881854 0.002770462 0.001235086 0.002186799 0.8687656
1 rs148989274 762485 0 C A 0.946 0.03558488 -0.09262962 -0.1858551 -0.05030402 -0.1444262 -0.05417909 0.00259507 0.002461771 0.001989348 0.001518883 0.001149083 0.001401381 0.006545458 0.005157973 0.0033366 0.002766117 0.003098047 0.01041039 0.006234178 0.003659747 0.003841679 0.01082636 0.004831844 0.003525794 0.01248268 0.005538249 0.009785701 0.2439513
1 rs71507461 762589 0 G C 0.169 -0.001674188 0.03834786 0.02864089 0.01644881 0.09490238 0.04795075 0.0006131962 0.0005816986 0.0004700681 0.0003589009 0.0002715199 0.0003311362 0.001546644 0.001218792 0.0007884142 0.0006536124 0.0007320457 0.002465544 0.001473091 0.0008620196 0.0009071631 0.002558191 0.00114173 0.0008331193 0.002958764 0.001310008 0.002312668 0.6346875
1 rs71507462 762592 0 C G 0.173 -0.0004548591 0.03963519 0.0296756 0.0192027 0.1006443 0.05325188 0.000616095 0.0005844484 0.0004722901 0.0003605975 0.0002728034 0.0003327016 0.001553956 0.001224554 0.0007921413 0.0006567021 0.0007355063 0.002478419 0.001480055 0.0008655401 0.000911328 0.002570284 0.001147127 0.0008370577 0.002974766 0.001316498 0.002323687 0.5931126
1 rs71507463 762601 0 T C 0.18 -0.001723293 0.0329498 0.02174736 0.0119209 0.09101611 0.05517657 0.0006078654 0.0005766416 0.0004659814 0.0003557808 0.0002691594 0.0003282575 0.001533199 0.001208197 0.0007815602 0.0006479298 0.0007256817 0.002447758 0.001460285 0.0008528768 0.0008989083 0.002535952 0.001131805 0.0008258766 0.002939076 0.001299507 0.002292819 0.6740334
1 rs61768173 762632 0 T A 0.167 0.00162912 0.03513925 0.02100023 0.008525104 0.08698836 0.04807784 0.0006201709 0.0005883151 0.0004754148 0.0003629832 0.0002746082 0.0003349027 0.001564236 0.001232655 0.0007973819 0.000661047 0.0007403723 0.002492488 0.001489847 0.0008727365 0.0009176503 0.002587289 0.001154717 0.0008425955 0.00299088 0.001324669 0.002338937 0.7304196
1 rs7515915 764191 0 T G 0.881 0.002644342 -0.03483854 -0.04301678 -0.03415338 -0.1131492 -0.0642819 0.0006699762 0.000635562 0.0005135948 0.000392134 0.0002966617 0.0003617984 0.001689858 0.001331648 0.0008614189 0.0007141346 0.0007998308 0.002695861 0.001609495 0.0009409154 0.0009909583 0.002795072 0.001247451 0.0009102635 0.003236059 0.0014318 0.002526955 0.5608844
1 rs61768174 766007 0 A C 0.904 0.01819105 -0.05826442 -0.05604513 -0.004728212 -0.08837812 -0.0420624 0.0009037803 0.0008573567 0.0006928272 0.0005289786 0.000400189 0.0004880565 0.002279575 0.001796357 0.001162032 0.0009633525 0.001078951 0.003610406 0.002171164 0.001280645 0.001339357 0.003770478 0.001682776 0.001227922 0.004321635 0.001925039 0.003406893 0.4113947
1 rs2977608 768253 0 A C 0.295 0.004328623 0.02542116 0.06927107 0.0310705 -0.009842843 0.004068116 0.0005578723 0.0005292166 0.0004276583 0.0003265201 0.0002470227 0.0003012604 0.001407102 0.001108828 0.000717282 0.0005946444 0.0006659994 0.002226228 0.001340185 0.0007928897 0.0008271619 0.002327385 0.001038719 0.0007579536 0.002664615 0.001187782 0.002102931 0.8317043
1 chr1:769138:D 769138 0 C C 0.876 0.004370986 -0.02624007 -0.0352661 -0.015352 -0.1109018 -0.05834414 0.0006334103 0.0006008745 0.0004855642 0.0003707322 0.0002804706 0.0003420522 0.00159763 0.001258969 0.0008144045 0.0006751595 0.0007561779 0.002542754 0.001521652 0.0008922111 0.00093747 0.002642522 0.001179367 0.0008605833 0.003049531 0.0013522 0.002388616 0.5252659
1 rs60320384 769223 0 C G 0.885 0.007024027 -0.0549033 -0.05370765 -0.001820004 -0.1020329 -0.0477413 0.0006971295 0.0006613208 0.000534411 0.0004080268 0.0003086852 0.0003764617 0.001758346 0.001385617 0.0008963314 0.0007430798 0.0008322474 0.002789798 0.001674725 0.0009847406 0.001032495 0.002908352 0.001298007 0.0009471555 0.003341032 0.001486015 0.002628167 0.3370659
1 rs2977605 771823 0 T C 0.124 -0.002938561 0.02482327 0.03214484 0.01052717 0.1060409 0.05439751 0.0006348245 0.0006022159 0.0004866479 0.0003715598 0.0002810968 0.0003428158 0.001601196 0.001261781 0.0008162227 0.0006766658 0.000757866 0.002555614 0.001525049 0.0008905826 0.0009387856 0.002648422 0.001182001 0.0008625046 0.003067964 0.00135694 0.002394415 0.5835523
1 rs59066358 771967 0 G A 0.888 0.00804855 -0.05342427 -0.05046963 0.002334174 -0.09866083 -0.04778822 0.0007295977 0.0006921212 0.0005593006 0.0004270302 0.0003230619 0.000393995 0.00184024 0.001450151 0.0009380772 0.0007776877 0.0008710086 0.002921927 0.001752724 0.001029783 0.001080385 0.003043806 0.001358461 0.0009912684 0.003500387 0.001555771 0.002750744 0.376334
1 rs2905039 772755 0 A C 0.124 -0.003091729 0.02460894 0.03209182 0.01031353 0.1068304 0.05463459 0.0006241556 0.000592095 0.0004784691 0.0003653153 0.0002763726 0.0003370544 0.001574287 0.001240575 0.0008025051 0.0006652934 0.0007451291 0.002514491 0.001499419 0.0008746635 0.0009228063 0.002603912 0.001162136 0.0008480092 0.003019338 0.001334571 0.00235429 0.5637995
1 rs187867912 774760 0 C T 0.986 -0.0160762 -0.1502321 0.1503324 0.0402703 0.08203123 0.0175089 0.01582298 0.01501023 0.01212978 0.009261128 0.007006329 0.008544679 0.03990977 0.03144971 0.02034435 0.01686613 0.01888984 0.06186339 0.03801168 0.023049 0.02358752 0.06601183 0.02946118 0.02149792 0.07344878 0.03337664 0.05955399 0.8276558
1 rs28810152 774874 0 A C 0.324 -0.0176565 0.003531925 -0.02097168 -0.011776 0.0709051 0.01741158 0.0006248879 0.0005927899 0.0004790317 0.0003657441 0.000276697 0.00033745 0.001576134 0.001242029 0.0008034471 0.0006660772 0.000746004 0.002494845 0.001501177 0.0008858257 0.0009261564 0.002606968 0.001163498 0.0008490044 0.00298546 0.001330625 0.002355428 0.7264443
1 rs61768182 775181 0 A G 0.876 0.004559041 -0.0238033 -0.03324145 -0.01385279 -0.1058328 -0.05509201 0.0006237791 0.000591738 0.0004781808 0.000365095 0.000276206 0.0003368512 0.001573337 0.001239827 0.0008020212 0.0006648929 0.0007446799 0.002507767 0.001498515 0.0008766697 0.0009228005 0.002602342 0.001161435 0.0008474978 0.003009028 0.001332511 0.002352522 0.5746859
1 chr1:775256:I 775256 0 T T 0.342 -0.01312052 -0.04291567 -0.05184657 -0.05245088 0.07599159 0.03260277 0.0006372144 0.0006044835 0.0004884822 0.0003729589 0.000282155 0.0003441066 0.001607224 0.001266528 0.0008192961 0.0006792193 0.0007607203 0.002522847 0.001530788 0.0009137516 0.000946688 0.002658393 0.001186447 0.0008657521 0.003009862 0.001351772 0.00240049 0.3594152
1 rs12124819 776546 0 A G 0.789 0.01062434 -0.0322909 -0.1125084 -0.03047194 -0.06329692 -0.04799589 0.0004106124 0.0003895208 0.0003147701 0.0002403295 0.0001818169 0.0002217376 0.001035674 0.0008161352 0.000527943 0.0004376763 0.0004901972 0.001650214 0.0009864208 0.0005777301 0.0006075602 0.001713032 0.0007645326 0.0005578787 0.001980078 0.0008770384 0.00154859 0.04772839
1 rs2980319 777122 0 A T 0.123 -0.007516977 0.01504601 0.008645421 0.01956772 0.1039014 0.04229966 0.0006877032 0.0006523784 0.000527184 0.0004025094 0.0003045112 0.0003713712 0.001734571 0.001366883 0.0008842112 0.0007330298 0.0008209936 0.002768107 0.001652081 0.0009649283 0.001017021 0.002869026 0.001280457 0.0009343482 0.003322878 0.001469876 0.002593837 0.6871538
1 rs1055606 778745 0 A G 0.893 0.008182534 -0.05795526 -0.04265701 -0.0169641 -0.1069268 -0.05243445 0.000793661 0.0007528938 0.0006084108 0.0004645262 0.0003514288 0.0004285903 0.002001824 0.001577484 0.001020446 0.0008459739 0.0009474887 0.003176273 0.001906624 0.001121203 0.001175473 0.003311072 0.001477742 0.001078308 0.003804074 0.001691838 0.002992121 0.4279622
1 rs4040617 779322 0 A G 0.884 0.003576474 -0.02603356 -0.02457626 -0.03055987 -0.1182281 -0.06088722 0.0006968388 0.0006610448 0.0005341873 0.0004078565 0.0003085564 0.0003763046 0.001757613 0.00138504 0.0008959573 0.0007427678 0.0008318999 0.002802981 0.001674027 0.0009786652 0.001030731 0.002907139 0.001297467 0.0009467603 0.003363922 0.001488944 0.002628164 0.5710905
1 rs2977612 780785 0 T A 0.175 -0.002460858 0.01319769 0.02203726 0.007211641 0.1103373 0.04415247 0.0006777798 0.0006429649 0.0005195777 0.0003967015 0.0003001171 0.0003660125 0.001709541 0.001347158 0.0008714525 0.0007224547 0.0008091473 0.002711366 0.001628241 0.0009594193 0.001004155 0.002827627 0.001261979 0.000920866 0.003247711 0.001444634 0.002555304 0.6090837
1 rs149821290 781367 0 A C 0.975 -0.02576058 -0.01252214 0.001702802 -0.07556575 0.2219982 0.08268363 0.003083718 0.002925319 0.002363934 0.001804886 0.001365455 0.00166526 0.007777959 0.006129222 0.003964877 0.003286958 0.003681402 0.01247628 0.007408071 0.004279669 0.0045514 0.01286495 0.005741679 0.004189695 0.0149932 0.006605285 0.01163353 0.4005602
1 rs61768199 781845 0 A G 0.928 0.05136179 -0.04010222 -0.01967425 0.01594024 -0.1322679 -0.05091606 0.00150471 0.00142742 0.001153495 0.0008807005 0.0006662776 0.000812569 0.00379528 0.002990765 0.001934676 0.001603897 0.001796355 0.005977562 0.003614785 0.002147073 0.002233254 0.006277496 0.002801663 0.002044376 0.007139708 0.003196864 0.005669793 0.235167
1 rs6594026 782981 0 C T 0.83 0.01343539 -0.01464139 -0.0141215 0.01179184 -0.1237089 -0.06930125 0.000673189 0.0006386099 0.0005160583 0.0003940145 0.0002980844 0.0003635334 0.001697962 0.001338033 0.0008655499 0.0007175608 0.0008036667 0.002697474 0.001617212 0.0009508339 0.0009968927 0.002808475 0.001253432 0.0009146287 0.003233065 0.001435931 0.0025383 0.2809635
1 rs6686696 783318 0 A G 0.897 0.009130104 -0.05882219 -0.04399995 -0.01947775 -0.1138834 -0.05536834 0.0008475174 0.0008039838 0.0006496966 0.0004960481 0.0003752761 0.0004576737 0.002137665 0.001684529 0.001089692 0.0009033805 0.001011784 0.003389555 0.002036004 0.001198247 0.001255458 0.003535755 0.001578019 0.00115148 0.004058445 0.001806091 0.003194997 0.4137851
1 rs2905062 785050 0 G A 0.17 -0.01156778 0.002531378 0.005344815 0.00335263 0.09901948 0.03822632 0.0006694008 0.0006350164 0.0005131545 0.0003917973 0.000296407 0.0003614877 0.001688407 0.001330503 0.0008606793 0.0007135236 0.0007991444 0.002677165 0.001608112 0.0009477064 0.0009917873 0.002792671 0.001246378 0.0009094819 0.003206324 0.001426596 0.002523645 0.6687612
1 rs2980300 785989 0 T C 0.183 -0.007756891 0.003911016 0.002381158 -0.003765814 0.1127401 0.04413974 0.000651596 0.0006181261 0.0004995057 0.0003813762 0.0002885231 0.0003518728 0.001643499 0.001295114 0.0008377868 0.0006945455 0.0007778887 0.002603584 0.001565339 0.0009239068 0.0009656938 0.002718391 0.001213227 0.0008852914 0.003117344 0.001388097 0.002456387 0.4977345
1 rs61768202 786995 0 G A 0.882 0.005124995 -0.02475601 -0.02440603 -0.03230638 -0.1195441 -0.06049488 0.0007131979 0.0006765636 0.0005467281 0.0004174314 0.0003158001 0.0003851388 0.001798875 0.001417556 0.000916991 0.0007602056 0.0008514298 0.00286552 0.001713327 0.001003255 0.001055277 0.002975388 0.001327926 0.0009689866 0.003437591 0.001523114 0.002689648 0.5666726
1 rs12077234 787121 0 T A 0.86 0.01628025 -0.01060603 -0.02646588 -0.01066512 -0.1151011 -0.05160298 0.0008171766 0.0007752014 0.0006264371 0.0004782897 0.0003618413 0.0004412891 0.002061137 0.001624224 0.001050681 0.0008710383 0.0009755618 0.003278617 0.001963116 0.00115139 0.001209566 0.003409176 0.001521527 0.001110257 0.003930869 0.001744017 0.003081422 0.5743855
1 rs2519065 787151 0 G A 0.841 0.01326702 -0.003998212 -0.008816475 0.01227407 -0.1298994 -0.07445106 0.0008248841 0.000782513 0.0006323458 0.0004828009 0.0003652541 0.0004454512 0.002080577 0.001639543 0.001060591 0.0008792544 0.0009847633 0.003305425 0.001981632 0.001164745 0.001221478 0.003441331 0.001535878 0.001120729 0.003961571 0.001759507 0.003110253 0.3646572
1 rs56108613 787262 0 C G 0.124 -0.01051366 0.008659808 0.002046929 0.01861762 0.1051241 0.04145713 0.0007294358 0.0006919674 0.0005591758 0.0004269354 0.0003229901 0.0003939075 0.001839831 0.00144983 0.0009378688 0.0007775134 0.0008708149 0.002933703 0.001752336 0.001025078 0.00107905 0.003043131 0.00135816 0.0009910483 0.003520933 0.00155853 0.002751126 0.6860787
1 rs2905055 787399 0 G T 0.183 -0.01502085 -0.003274402 0.005615499 0.0005179484 0.1121796 0.04991521 0.000681346 0.0006463479 0.0005223112 0.0003987887 0.0003016963 0.0003679383 0.001718536 0.001354246 0.0008760376 0.0007262552 0.0008134046 0.002731336 0.001636808 0.0009611539 0.00100876 0.002842505 0.00126862 0.0009257111 0.003273731 0.001453572 0.002569076 0.4935208
1 rs3863622 787606 0 G T 0.883 0.005854573 -0.02250921 -0.01957382 -0.03185361 -0.1211315 -0.06261169 0.0007373149 0.0006994418 0.0005652158 0.000431547 0.0003264789 0.0003981624 0.001859705 0.001465491 0.0009479993 0.0007859119 0.0008802212 0.00296469 0.001771264 0.001036486 0.001090779 0.003076002 0.001372831 0.001001753 0.003557817 0.001575194 0.002780793 0.5648459
1 rs2905054 787685 0 G T 0.201 -0.01007713 0.004276106 0.001360915 -0.01587952 0.1122169 0.05277227 0.0006811858 0.0006461961 0.0005221891 0.000398695 0.0003016253 0.0003678518 0.001718132 0.001353927 0.0008758319 0.0007260863 0.0008132137 0.002717892 0.001636422 0.0009679672 0.001009989 0.002841837 0.001268321 0.0009254936 0.003252642 0.001450199 0.00256769 0.4428113
1 rs2905053 787844 0 C T 0.162 -0.01721747 -0.001824668 0.00310233 0.003852717 0.1044897 0.04063098 0.0006941306 0.0006584758 0.0005321117 0.0004062715 0.0003073572 0.0003748422 0.001750782 0.001379657 0.0008924754 0.0007398822 0.0008286671 0.002784318 0.001667521 0.0009785426 0.001027533 0.002895841 0.001292424 0.000943081 0.003338115 0.001481277 0.002617416 0.5885442
1 chr1:789513:D 789513 0 G G 0.887 0.005205038 -0.01902466 -0.01429148 -0.03345747 -0.1316896 -0.06451927 0.0007932696 0.0007525224 0.0006081101 0.000464297 0.0003512554 0.0004283789 0.002000837 0.001576706 0.001019943 0.0008455551 0.0009470211 0.003186408 0.001905684 0.001116535 0.001173876 0.003309439 0.001477014 0.001077776 0.003822348 0.001693933 0.002991588 0.5196322
1 rs61768207 790465 0 G A 0.919 0.03953415 -0.03035304 -0.01071409 0.01744668 -0.1595109 -0.06784612 0.001432504 0.001358923 0.001098141 0.0008384385 0.0006343052 0.0007735766 0.003613158 0.00284725 0.001841837 0.001526928 0.001710153 0.005719808 0.003441326 0.002030132 0.002123046 0.005976261 0.002667223 0.001946273 0.006844684 0.003050487 0.005399701 0.2488758
1 rs138046244 790656 0 A G 0.986 -0.05844716 -0.1132107 -0.09231652 -0.1244715 -0.02614295 0.02227627 0.00665042 0.006308809 0.005098116 0.003892458 0.002944764 0.003591336 0.01677413 0.01321841 0.008550743 0.007088739 0.007939399 0.02683657 0.01597642 0.009376589 0.009838815 0.02774487 0.01238265 0.009035593 0.03229735 0.01423613 0.02509602 0.9636302
1 chr1:790758:D 790758 0 G G 0.171 -0.01470555 -0.004414923 0.003085687 0.007627911 0.1103069 0.03925488 0.0007116475 0.000675093 0.0005455405 0.0004165241 0.0003151136 0.0003843016 0.001794965 0.001414473 0.0009149978 0.0007585553 0.0008495794 0.002843671 0.001709601 0.001008769 0.001054648 0.00296892 0.001325038 0.0009668804 0.00340472 0.001516043 0.002682756 0.5754398
1 rs111818025 791191 0 G A 0.888 0.009913227 -0.01396046 -0.01044274 -0.03038546 -0.13147 -0.06450485 0.0008016319 0.0007604551 0.0006145205 0.0004691914 0.0003549581 0.0004328946 0.002021929 0.001593327 0.001030695 0.0008544684 0.0009570041 0.003220405 0.001925773 0.001128225 0.001186224 0.003344325 0.001492584 0.001089138 0.003863386 0.001711895 0.00302316 0.4954937
1 rs184466835 791900 0 C T 0.987 -0.1143131 -0.1430897 -0.3006878 0.02350467 -0.1080638 -0.1539145 0.01095663 0.01039383 0.008399185 0.006412864 0.004851541 0.005916765 0.02763554 0.0217775 0.01408744 0.01167872 0.01308023 0.04457364 0.02632133 0.01508129 0.01614467 0.04570994 0.02040054 0.01488623 0.05366682 0.02352737 0.04134985 0.6484581
1 rs7518333 794616 0 T C 0.982 -0.02428418 0.3066043 0.05977652 -0.09446081 -0.02753478 -0.03871678 0.005341539 0.005067168 0.004094773 0.00312638 0.002365201 0.002884521 0.01347279 0.01061684 0.006867864 0.005693661 0.006376846 0.02107178 0.01283204 0.007739864 0.007949811 0.02228435 0.009945562 0.007257288 0.02513546 0.01131599 0.02012159 0.009630921
1 rs7547353 794623 0 G T 0.971 -0.02347961 0.2978448 0.06530943 -0.01226462 -0.05992344 0.03203087 0.004370202 0.004145724 0.003350156 0.002557861 0.0019351 0.002359983 0.01102281 0.00868621 0.005618972 0.004658292 0.005217243 0.01724082 0.01049859 0.006317559 0.00650208 0.01823203 0.008137 0.00593758 0.02055625 0.009257455 0.01646126 0.005638871
1 rs59380221 795988 0 C T 0.798 0.03015533 -0.0441735 0.01161106 0.03164635 -0.02586017 0.03127426 0.0009115334 0.000864712 0.0006987725 0.0005335167 0.0004036219 0.0004922434 0.00229913 0.001811764 0.001172001 0.0009716217 0.001088208 0.003605263 0.002189787 0.001310053 0.001354783 0.003802823 0.001697209 0.001238456 0.004300413 0.001932906 0.003433774 0.3495634
1 rs12083781 796375 0 T C 0.885 0.01319073 -0.07748647 -0.07079391 -0.0502209 -0.1337051 -0.06960917 0.001008794 0.0009569762 0.0007733298 0.0005904426 0.0004466884 0.0005447656 0.002544447 0.002005081 0.001297053 0.001075289 0.001204319 0.004020605 0.002423439 0.001433904 0.001495956 0.004208583 0.001878303 0.001370599 0.00480856 0.002146468 0.003802119 0.2639827
1 rs58013264 797440 0 T C 0.887 0.008664054 -0.07793807 -0.06324882 -0.04689317 -0.1227472 -0.06286162 0.001038195 0.0009848676 0.0007958686 0.0006076512 0.0004597073 0.000560643 0.002618605 0.00206352 0.001334856 0.001106628 0.001239419 0.004141116 0.002494071 0.001473548 0.00153913 0.004331244 0.001933047 0.001410545 0.004953774 0.002209793 0.003913101 0.3741611
1 rs11240777 798959 0 G A 0.739 -0.0006840454 -0.02390927 -0.05402994 -0.04527036 -0.06928756 -0.05298205 0.0007608118 0.000721732 0.0005832296 0.0004452998 0.0003368832 0.0004108511 0.00191897 0.001512191 0.0009782107 0.0008109613 0.0009082729 0.003031987 0.001827709 0.001082798 0.001128421 0.003174028 0.001416578 0.001033678 0.003626922 0.001618842 0.002867581 0.9110281
1 rs149363311 799879 0 C T 0.984 0.03706566 0.277726 0.00395572 0.1702868 0.1805529 0.1798755 0.009551218 0.009060623 0.007321913 0.005590293 0.004229223 0.005157821 0.02409072 0.01898394 0.01228046 0.01018096 0.01140248 0.03692338 0.02294495 0.01418189 0.01429143 0.0398467 0.01778362 0.01297678 0.04369665 0.02005045 0.03592643 0.2860038
1 rs143609865 800193 0 A T 0.965 0.01577898 -0.04282953 -0.1067181 -0.1847707 -0.3095208 -0.1220592 0.004166535 0.003952517 0.003194017 0.002438654 0.001844919 0.002249999 0.01050911 0.008281418 0.005357105 0.00444117 0.004974095 0.01664012 0.01000933 0.005897833 0.006173897 0.01738235 0.007757797 0.005660866 0.0199107 0.008873027 0.01570496 0.4427192
1 rs61768212 801467 0 G C 0.881 0.0019555 -0.08806552 -0.08245623 -0.06540534 -0.1318749 -0.08145886 0.0009982131 0.000946939 0.0007652185 0.0005842497 0.0004420034 0.0005390519 0.002517759 0.001984051 0.001283449 0.00106401 0.001191687 0.003984224 0.002398022 0.001415352 0.001479556 0.004164442 0.001858603 0.001356223 0.004767088 0.002125301 0.003762556 0.3018992
1 rs10157494 802496 0 C T 0.885 0.001933129 -0.09638513 -0.07796476 -0.070141 -0.1425898 -0.1016108 0.001137721 0.001079281 0.0008721637 0.0006659031 0.0005037767 0.0006143885 0.002869636 0.002261338 0.00146282 0.001212714 0.001358235 0.004541129 0.002733163 0.00161324 0.001686344 0.004746455 0.002118357 0.001545766 0.005433537 0.002422357 0.004288426 0.2622477
1 rs7526310 804759 0 C T 0.884 0.003406452 -0.09704189 -0.08055549 -0.07341271 -0.1344559 -0.09005441 0.001106141 0.001049323 0.0008479548 0.0006474193 0.0004897931 0.0005973346 0.002789981 0.002198568 0.001422216 0.001179053 0.001320534 0.004409233 0.002657297 0.001571235 0.001640144 0.004614704 0.002059556 0.001502859 0.005273139 0.002353705 0.004168989 0.2645149
1 rs61768215 807997 0 G A 0.906 0.03232435 -0.02767949 -0.05575788 -0.008585821 -0.1226731 -0.05170608 0.001555424 0.001475529 0.001192371 0.0009103831 0.0006887334 0.0008399554 0.003923195 0.003091565 0.001999881 0.001657953 0.001856898 0.006188977 0.003736617 0.002216331 0.002307708 0.00648907 0.00289609 0.002113279 0.007397744 0.003307118 0.00586169 0.6015967
1 rs11240779 808631 0 G A 0.29 -0.006265826 0.005169245 0.06822701 0.06991213 0.04667449 0.05699318 0.000729363 0.0006918989 0.0005591226 0.0004268931 0.0003229578 0.0003938684 0.001839648 0.001449682 0.0009377759 0.0007774431 0.0008707295 0.002882076 0.001752157 0.001050548 0.001084452 0.003042827 0.001358021 0.0009909499 0.0034373 0.001546038 0.002747451 0.7258417
1 rs28410559 810286 0 G A 0.821 0.01396869 0.003747598 -0.04058427 -0.05937263 -0.1243092 -0.05192851 0.0008721792 0.0008273791 0.000668603 0.0005104827 0.0003861961 0.0004709915 0.002199868 0.001733545 0.001121401 0.0009296706 0.001041226 0.003468672 0.002095248 0.001244938 0.001294377 0.003638642 0.001623936 0.001184987 0.004146312 0.001854099 0.003286873 0.5466321
1 rs58686784 810780 0 G C 0.898 0.02248828 -0.03480258 -0.06926484 -0.02527443 -0.1325888 -0.06194511 0.001388913 0.00131757 0.001064726 0.0008129247 0.0006150031 0.0007500364 0.003503208 0.002760606 0.00178579 0.001480466 0.001658114 0.005523414 0.003336604 0.001979845 0.002060886 0.005794401 0.002586057 0.001887048 0.006600405 0.002952309 0.005233915 0.5687953
1 rs141053058 811740 0 G C 0.961 -0.02529922 -0.1229381 -0.1367588 0.13787 -0.1407434 -0.1573509 0.00409853 0.003888005 0.00314188 0.002398851 0.001814807 0.002213275 0.01033758 0.00814626 0.005269667 0.004368669 0.004892907 0.01647064 0.009845964 0.005749963 0.00606208 0.01709864 0.007631184 0.00556847 0.01975088 0.008752727 0.01545544 0.217787
1 rs6605064 812743 0 C T 0.873 -0.002900617 -0.07370544 -0.09333354 -0.03445351 -0.1386209 -0.07626794 0.001160716 0.001101095 0.0008897915 0.000679362 0.0005139588 0.0006268063 0.002927635 0.002307043 0.001492386 0.001237225 0.001385687 0.004631114 0.002788405 0.001646709 0.001720616 0.004842388 0.002161172 0.001577008 0.005540417 0.002470881 0.004374974 0.4369403
1 rs4246500 812751 0 T C 0.014 0.005240912 -0.0825558 0.1374806 0.2071319 -0.2038493 -0.1958023 0.01329189 0.01260915 0.01018948 0.007779692 0.005885565 0.007177846 0.03352569 0.02641888 0.01709001 0.01416823 0.01586817 0.051617 0.03193121 0.01971078 0.01987611 0.0554524 0.02474849 0.01805905 0.06124954 0.02796502 0.05002028 0.6600954
1 rs59771807 813034 0 A G 0.94 -0.1195993 -0.179886 -0.2361862 -0.256093 -0.05388298 -0.1759817 0.002481857 0.002354373 0.001902559 0.001452619 0.001098953 0.001340244 0.006259903 0.004932951 0.003191036 0.002645438 0.00296289 0.009976607 0.005962204 0.003484068 0.003671059 0.01035405 0.004621049 0.003371976 0.01196717 0.005301082 0.009359393 0.07316604
1 rs4246499 813640 0 A G 0.153 0.001076234 0.05028094 0.08312656 0.0333999 0.1326742 0.08337743 0.0009304245 0.0008826325 0.000713253 0.0005445734 0.0004119868 0.0005024449 0.002346778 0.001849314 0.00119629 0.0009917547 0.00111076 0.003704594 0.002235171 0.001324594 0.00138017 0.003881635 0.001732385 0.001264122 0.00442923 0.001978854 0.003506529 0.4316973
1 rs4970388 813747 0 G A 0.146 -0.001711321 0.04240798 0.06803317 0.02123523 0.1171096 0.07069596 0.0009606408 0.0009112968 0.0007364171 0.0005622589 0.0004253664 0.0005187622 0.002422992 0.001909371 0.00123514 0.001023964 0.001146833 0.003812666 0.00230776 0.001373891 0.001426331 0.004007694 0.001788645 0.001305176 0.004553345 0.002040191 0.003619616 0.5926178
1 rs190575917 821765 0 C T 0.974 0.01383226 -0.1942654 -0.027791 0.05001184 -0.04790411 0.1011388 0.005967773 0.005661234 0.004574824 0.003492912 0.0026425 0.003222699 0.01505231 0.01186157 0.007673041 0.006361132 0.00712445 0.02386956 0.01433647 0.008399287 0.008834852 0.02489693 0.01111157 0.008108121 0.02855555 0.01271538 0.02249358 0.2923021
1 rs147181136 823897 0 G A 0.977 -0.06285736 -0.1207401 -0.1177872 -0.1926612 0.1079807 0.03598736 0.003673586 0.003484886 0.002816116 0.002150132 0.001626644 0.001983798 0.009265761 0.007301647 0.004723295 0.003915698 0.004385596 0.01488772 0.008825122 0.00509353 0.005420393 0.01532582 0.006839976 0.004991118 0.01790681 0.007875271 0.01386118 0.3869797
1 rs13303117 828166 0 A G 0.74 0.003534231 0.0730244 0.08529088 0.05081631 0.0443949 0.005673291 0.000754252 0.0007155091 0.0005782002 0.0004414603 0.0003339786 0.0004073087 0.001902424 0.001499154 0.0009697763 0.0008039671 0.0009004414 0.003020183 0.001811951 0.001066494 0.001117173 0.003146661 0.001404366 0.001024765 0.003619028 0.001608332 0.002843792 0.5340421
1 rs28444699 830181 0 A G 0.304 0.004325118 -0.06517819 -0.07852149 -0.06493426 -0.02745089 0.007641255 0.0006750066 0.000640334 0.0005174513 0.0003950782 0.0002988891 0.0003645148 0.001702546 0.001341646 0.0008678867 0.0007194975 0.0008058363 0.002708883 0.001621579 0.000952359 0.0009992793 0.002816058 0.001256817 0.000917098 0.003249176 0.001440862 0.0025455 0.4139629
1 rs4970385 831489 0 C T 0.302 0.02035961 -0.0410229 -0.06761842 -0.04809353 -0.02640616 -0.005210161 0.0005634651 0.000534522 0.0004319448 0.0003297935 0.0002494992 0.0003042806 0.001421209 0.001119946 0.0007244727 0.0006006032 0.0006726757 0.002267869 0.001353622 0.000790763 0.000833314 0.002350718 0.001049134 0.0007655521 0.002722367 0.001204291 0.002125212 0.4218028
1 rs9697642 831909 0 C T 0.294 0.02279921 -0.04073734 -0.07085672 -0.0496373 -0.0229355 -0.005270239 0.0005612437 0.0005324147 0.0004302418 0.0003284933 0.0002485156 0.000303081 0.001415606 0.001115531 0.0007216166 0.0005982352 0.0006700238 0.00226032 0.001348285 0.0007869519 0.0008298792 0.002341451 0.001044998 0.0007625341 0.002713891 0.001199878 0.002116924 0.3518042
1 rs9697378 832060 0 G A 0.32 0.0232721 -0.03054587 -0.04555271 -0.008236623 -0.04332387 -0.01659244 0.0005462857 0.0005182249 0.0004187744 0.0003197384 0.0002418924 0.0002950034 0.001377878 0.001085802 0.0007023841 0.0005822891 0.0006521661 0.002215859 0.001312352 0.0007567963 0.0008058835 0.002279047 0.001017148 0.0007422112 0.002666263 0.001171598 0.002061414 0.5222758
1 rs9697380 832066 0 G C 0.325 0.02508051 -0.02893222 -0.04435489 -0.01059796 -0.04850434 -0.01459765 0.0005494367 0.0005212141 0.00042119 0.0003215827 0.0002432876 0.000296705 0.001385826 0.001092065 0.0007064356 0.000585648 0.000655928 0.002227136 0.001319922 0.000762115 0.000810722 0.002292193 0.001023015 0.0007464924 0.00267934 0.001178009 0.002073227 0.487289
1 rs9697725 832112 0 T C 0.33 0.02073627 -0.0493074 -0.06552344 -0.03620028 -0.03258111 -0.01020156 0.0005925429 0.000562106 0.0004542347 0.0003468125 0.0002623748 0.000319983 0.001494551 0.001177742 0.0007618591 0.0006315955 0.0007073889 0.002398836 0.001423476 0.0008240801 0.0008747457 0.002472028 0.001103276 0.0008050585 0.002885084 0.00126975 0.002235754 0.379194
1 rs13302934 832178 0 A G 0.325 0.02016048 -0.04136962 -0.07136692 -0.05111573 -0.01665431 -0.009560048 0.0005900194 0.0005597124 0.0004523011 0.0003453356 0.0002612573 0.0003186204 0.001488186 0.001172726 0.0007586148 0.000628908 0.0007043769 0.002372618 0.001417413 0.0008294826 0.000872869 0.0024615 0.001098577 0.0008016302 0.002847479 0.001260563 0.002225268 0.4378085
1 chr1:832297:D 832297 0 C C 0.294 0.01940574 -0.04160805 -0.07035935 -0.05037205 -0.02292199 -0.003406059 0.0005860609 0.0005559571 0.0004492666 0.0003430187 0.0002595045 0.0003164827 0.001478202 0.001164857 0.0007535251 0.0006246887 0.0006996511 0.002355294 0.001407904 0.0008241521 0.0008670984 0.002444985 0.001091206 0.0007962519 0.002825776 0.001251734 0.002210195 0.4401973
1 rs4500250 832318 0 C A 0.291 0.02008609 -0.04177182 -0.07191163 -0.05168513 -0.02436033 -0.004527285 0.0005844013 0.0005543828 0.0004479944 0.0003420474 0.0002587697 0.0003155865 0.001474016 0.001161559 0.0007513914 0.0006229198 0.0006976699 0.002348893 0.001403917 0.0008216981 0.0008646161 0.002438062 0.001088116 0.0007939972 0.002818218 0.001248255 0.002203956 0.4134282
1 rs4553118 832398 0 T C 0.235 0.01476865 -0.05307577 -0.08989087 -0.03560502 -0.02609661 -0.008946205 0.0006545955 0.0006209716 0.0005018051 0.0003831318 0.0002898513 0.0003534926 0.001651064 0.001301076 0.0008416435 0.0006977428 0.0007814696 0.002615108 0.001572544 0.0009279847 0.0009701299 0.002730905 0.001218811 0.0008893667 0.003130669 0.001394341 0.002467601 0.376613
